1 0 0 1 1 1 0 0 0 1 1 0 0 1 0 0 0 0 1 0 460
1 0 1 0 0 0 1 0 1 0 1 1 1 1 1 1 1 0 0 1 525
1 0 1 0 0 0 1 1 1 0 0 1 1 1 0 0 0 0 1 1 498
1 1 0 0 1 0 0 1 0 1 0 0 0 0 0 0 1 1 1 0 569
1 1 1 0 0 0 1 1 0 0 1 0 1 0 0 0 1 1 0 1 465
0 0 0 0 0 0 0 0 1 1 1 1 0 1 0 1 1 0 1 1 478
1 1 1 0 0 0 1 1 1 0 0 0 0 1 0 1 1 1 0 0 506
0 1 0 1 0 0 0 0 0 1 0 1 1 0 1 0 1 1 1 0 483
1 1 0 0 1 0 0 1 1 1 1 1 1 0 0 0 0 1 0 0 546
0 0 1 0 1 1 0 1 1 0 0 1 0 0 1 0 1 0 1 0 506
0 1 0 1 1 0 1 0 0 0 1 0 1 1 0 1 0 1 1 0 474
0 1 0 1 0 1 1 1 0 0 1 1 0 0 1 0 1 0 0 0 366
1 1 1 0 0 0 1 1 1 0 1 0 1 0 1 0 0 1 1 1 546
0 1 0 1 1 1 0 0 0 1 1 0 0 1 1 0 0 1 0 1 427
0 0 1 1 0 1 1 1 1 0 1 0 1 1 1 0 0 0 0 0 311
0 0 1 1 0 0 0 1 1 1 1 1 0 0 0 0 0 0 1 0 411
1 1 0 1 0 1 0 0 1 1 0 0 0 0 0 1 1 0 1 0 534
0 0 1 1 1 0 0 1 0 0 1 1 0 0 0 0 1 1 0 1 423
0 1 1 0 1 0 0 0 1 1 0 1 1 0 0 1 0 1 1 0 620
0 0 0 1 0 0 0 1 1 1 0 0 1 0 0 1 1 0 1 1 453
1 1 0 1 0 0 1 1 1 0 0 0 0 1 0 1 0 1 1 1 526
1 0 1 0 1 1 1 0 1 0 0 0 0 1 0 0 1 0 1 1 517
1 0 0 0 1 0 1 1 0 0 0 0 1 1 1 0 1 0 1 1 519
1 1 0 1 1 0 0 1 1 1 1 0 0 0 0 1 0 1 0 1 559
0 0 0 0 1 0 0 1 1 1 1 0 0 1 0 1 1 0 0 1 442
1 1 0 1 0 0 1 0 1 1 1 1 0 0 0 0 1 1 0 1 488
1 0 1 0 1 1 0 0 0 1 0 0 0 1 1 0 0 1 1 1 590
0 0 0 0 1 1 1 0 1 1 0 1 0 0 1 1 1 1 1 0 615
0 0 1 1 1 0 1 0 1 0 1 1 0 1 1 1 0 0 1 0 508
1 1 0 1 1 0 1 0 0 0 1 0 1 0 0 0 1 1 1 0 508
1 0 0 0 0 0 1 1 1 1 0 0 1 1 1 1 1 0 0 1 513
1 0 1 0 0 1 0 0 1 1 1 1 1 0 0 0 1 0 0 0 469
1 1 1 0 1 1 1 0 0 0 0 0 1 0 0 0 1 0 1 0 543
0 1 1 1 1 0 1 0 1 0 0 0 0 1 1 1 1 1 0 1 501
0 1 0 0 1 1 1 0 0 0 1 1 0 0 1 1 1 0 1 0 560
0 1 1 1 1 0 0 0 1 0 0 0 1 1 1 1 0 1 1 0 532
0 0 1 1 0 0 1 1 0 1 0 1 1 0 0 1 0 1 0 1 485
1 1 1 0 0 0 0 0 1 0 1 1 0 1 1 1 1 1 0 0 550
0 0 1 1 1 1 1 0 1 1 0 1 1 0 0 1 0 0 0 1 518
0 1 1 0 0 1 0 0 1 1 0 0 1 1 0 0 0 0 1 0 422
0 0 1 1 0 1 0 1 1 1 0 0 0 0 1 0 0 1 1 1 463
0 0 1 0 1 0 1 1 0 1 0 1 0 1 0 1 0 0 0 1 511
1 0 1 1 1 0 1 1 1 1 1 0 0 0 1 0 0 1 0 1 526
1 1 0 1 0 0 1 0 1 1 0 1 0 0 0 0 1 0 1 1 525
1 0 0 0 0 0 1 1 1 0 1 1 1 0 1 1 1 0 1 0 563
0 0 0 1 1 1 0 0 0 1 1 1 1 1 1 0 0 0 0 0 401
1 0 0 0 0 1 1 1 1 1 1 1 0 1 1 0 0 0 0 0 456
1 1 1 1 1 0 1 0 0 1 1 0 0 0 1 0 0 0 1 0 551
0 1 0 1 1 1 0 0 0 0 1 1 0 0 1 1 1 1 0 1 520
1 0 0 1 0 1 0 1 1 0 1 0 0 0 1 1 1 0 1 0 495
0 1 0 0 1 1 1 1 0 1 1 0 0 0 1 1 0 1 0 1 544
1 0 1 0 1 1 1 0 1 0 0 1 1 1 0 0 0 0 1 0 539
1 0 0 0 1 1 0 1 1 1 1 0 0 0 1 0 0 1 1 1 583
1 0 1 1 1 0 1 0 0 1 0 0 0 1 1 0 1 1 0 0 500
1 1 1 0 0 1 0 1 1 0 0 0 1 0 1 0 1 1 0 1 508
0 0 0 0 1 1 1 1 0 0 0 1 0 0 1 1 1 1 1 0 580
0 1 0 1 0 1 0 1 1 0 0 1 1 1 1 0 0 1 0 0 386
0 0 0 0 0 0 1 0 0 1 1 1 1 1 0 1 0 1 1 1 509
1 1 0 1 0 1 1 0 0 0 1 0 0 1 0 1 0 0 1 1 484
1 0 0 1 0 0 0 1 0 1 0 1 1 1 0 1 0 0 0 1 484
1 1 1 1 1 0 0 0 0 1 0 0 0 1 0 1 0 1 0 1 566
1 0 1 0 0 1 1 1 1 0 0 0 1 1 0 0 1 0 0 0 400
1 0 1 1 0 0 0 0 0 1 1 0 0 0 0 0 1 1 1 1 490
0 1 1 1 1 1 0 0 1 1 0 0 0 0 0 0 1 1 0 0 445
0 1 1 0 1 1 0 0 0 0 0 0 1 1 0 0 1 1 0 1 434
0 0 1 1 0 0 1 1 0 0 0 0 1 1 1 0 1 1 0 1 362
0 0 1 0 0 0 1 1 1 1 1 0 1 0 0 1 0 0 1 1 489
1 1 1 1 1 0 1 0 0 1 1 0 0 0 1 0 0 0 1 0 551
0 1 1 1 1 0 0 1 0 1 0 0 1 0 1 0 0 1 0 1 480
1 0 1 0 0 0 0 0 1 0 1 0 1 1 1 1 1 0 1 1 534
1 1 0 0 1 0 1 0 1 0 1 1 1 0 0 0 1 0 1 1 563
0 1 0 1 0 0 1 0 1 1 1 1 0 1 0 1 0 1 0 1 454
0 0 1 1 0 0 1 1 1 0 1 0 0 1 1 1 1 0 0 0 369
0 1 0 0 1 1 0 0 1 0 1 1 0 1 0 1 0 0 1 1 524
1 1 0 1 1 0 0 0 0 0 0 1 1 0 0 0 1 1 1 1 568
0 0 1 0 1 0 1 0 1 1 1 1 0 0 0 0 1 0 1 0 498
1 0 1 1 0 0 1 0 0 1 0 0 1 0 0 1 1 0 1 0 532
1 0 0 1 1 1 0 1 0 1 1 0 1 0 0 0 0 1 0 0 461
0 1 1 0 0 1 1 1 0 0 0 1 0 1 0 1 0 0 0 1 454
0 1 1 1 0 1 1 0 0 0 0 1 1 0 0 0 0 1 1 1 469
1 0 1 0 0 0 0 0 1 1 1 0 1 0 0 1 1 0 1 1 559
1 0 0 1 1 0 0 1 1 0 1 1 1 1 1 1 0 0 0 0 508
0 0 1 0 0 0 1 0 0 1 0 0 1 1 0 1 1 0 1 0 463
0 0 1 1 1 1 0 1 1 0 1 0 0 0 1 0 1 1 0 0 406
0 0 1 0 0 1 1 0 0 1 1 0 1 1 0 1 0 1 0 1 444
1 1 0 1 1 1 0 0 0 1 0 0 1 1 0 0 0 1 0 0 475
1 0 0 0 0 1 1 0 1 1 0 1 1 1 0 0 0 1 1 0 526
1 1 1 1 0 0 1 0 0 0 1 0 1 1 0 0 0 0 1 0 423
0 1 0 0 1 0 1 0 1 1 0 0 1 0 0 1 1 1 1 1 588
1 1 1 1 0 1 1 0 1 1 0 1 1 0 0 0 0 0 0 0 482
0 1 0 0 0 0 0 1 0 0 1 0 0 1 0 0 1 1 1 1 393
1 0 0 0 1 1 0 0 0 1 0 1 0 1 0 1 1 0 0 1 566
1 0 0 1 0 1 0 0 0 0 1 1 1 1 0 0 1 0 0 1 383
0 1 0 1 1 0 0 1 1 0 1 1 0 0 0 0 1 1 0 1 430
0 0 1 1 1 1 1 0 0 1 0 1 1 0 0 1 0 1 0 0 526
1 0 1 1 0 1 0 0 1 1 0 1 0 0 1 0 1 1 0 1 524
0 1 1 0 0 0 1 1 1 1 1 0 0 0 0 0 1 1 0 0 407
1 0 0 0 1 0 0 1 1 1 1 1 0 0 0 1 1 0 0 1 574
0 1 0 1 1 1 1 1 0 0 0 0 0 0 0 1 1 1 0 1 476
0 0 0 1 1 0 0 1 1 1 1 1 0 1 0 0 0 0 0 1 387
***Best solution***
0 1 1 0 1 0 0 0 1 1 0 1 1 0 0 1 0 1 1 0 620
Total time -- 93
