1 0 1 1 0 0 1 1 0 0 0 0 0 1 0 1 0 1 1 1 519
0 0 0 0 1 1 1 1 0 0 0 1 0 0 1 1 1 1 1 0 580
0 1 0 0 0 0 1 0 1 1 0 0 1 1 0 1 1 0 1 0 470
0 0 1 1 1 1 0 0 0 0 0 0 1 1 1 1 0 1 1 0 510
1 1 1 0 1 0 0 0 0 1 0 0 0 1 0 0 1 1 0 1 531
1 0 1 0 1 1 0 0 1 0 1 0 1 1 0 0 0 1 1 0 511
0 0 0 0 0 0 0 1 1 0 1 1 1 1 1 1 1 1 0 1 454
1 1 0 1 1 0 0 0 1 1 1 0 1 0 1 1 1 0 0 0 547
1 1 0 0 1 0 0 0 0 1 1 1 1 0 1 0 0 1 1 1 636
1 0 0 1 1 1 0 0 1 1 0 0 1 1 1 0 0 0 1 0 508
1 0 0 1 0 1 1 1 0 0 0 0 0 1 0 1 0 1 1 1 504
1 0 0 0 1 0 1 0 1 1 0 1 1 1 1 1 0 0 1 1 652
0 0 1 1 0 1 0 0 1 1 0 1 0 1 1 1 0 1 0 1 490
1 0 1 1 0 0 1 0 1 1 1 1 0 0 1 0 0 1 1 1 562
1 0 1 0 1 1 0 1 0 1 0 0 0 0 0 1 1 0 0 0 554
1 0 0 1 1 1 0 0 0 1 0 0 0 1 0 1 1 0 0 1 503
1 0 0 0 1 1 0 1 1 0 0 1 0 0 0 0 1 1 1 1 578
1 0 0 0 1 1 0 0 1 0 1 0 0 1 0 1 1 1 1 0 554
1 0 0 0 1 1 1 1 1 0 1 1 0 0 0 1 0 1 1 0 616
1 0 0 0 0 1 1 1 1 0 0 1 1 1 0 0 0 0 1 1 483
1 0 0 0 1 1 1 0 0 1 1 0 0 1 0 1 1 0 0 0 506
1 1 0 1 0 1 1 1 0 1 0 0 0 1 0 0 0 0 0 0 397
1 1 0 0 1 1 1 0 0 1 1 1 0 0 1 0 0 0 1 0 599
1 0 1 0 0 0 0 0 1 1 0 1 1 0 1 0 1 1 1 1 601
0 1 0 1 1 1 0 1 1 1 1 0 0 0 1 1 0 0 0 0 472
1 0 0 0 0 1 1 0 1 1 0 1 1 1 0 0 0 1 1 0 526
0 1 0 1 1 1 1 1 1 0 0 0 1 0 1 0 0 1 1 0 481
1 0 1 0 1 0 0 0 0 1 1 1 0 1 0 0 0 0 1 0 538
1 0 0 1 1 1 1 0 0 1 1 1 0 1 0 0 0 0 0 0 451
1 1 1 0 1 0 0 0 0 1 0 1 1 1 0 0 0 1 0 0 553
0 0 0 0 1 0 1 1 1 1 1 0 0 1 1 0 1 1 0 0 424
0 1 0 0 1 1 0 0 1 0 0 1 1 1 1 1 0 1 1 0 580
0 1 0 1 0 0 1 1 0 0 0 1 1 1 0 0 0 0 1 0 380
1 0 0 1 1 0 0 0 1 1 1 0 0 1 1 1 1 1 0 0 529
1 0 1 0 0 0 0 1 0 1 0 0 0 1 1 1 1 1 0 0 531
1 1 1 1 0 0 1 0 1 1 1 0 1 0 0 1 0 1 0 1 535
1 0 1 1 1 1 1 0 0 0 1 1 0 0 1 0 0 1 1 0 568
0 1 1 1 1 0 0 0 0 0 1 1 1 0 1 0 1 1 0 0 459
1 1 1 0 1 0 1 1 0 0 1 0 1 1 0 0 0 0 0 0 450
1 0 0 0 1 1 0 1 1 1 0 0 1 0 1 0 1 1 0 1 550
1 0 0 1 0 1 0 1 1 1 0 1 0 1 1 0 0 0 0 1 453
0 0 0 1 1 1 1 0 1 1 1 1 0 0 0 1 0 0 1 0 518
0 0 0 0 1 1 0 1 0 1 0 1 1 0 1 0 1 0 0 1 480
1 1 1 0 0 0 1 1 0 0 0 0 1 0 0 0 1 0 1 1 502
1 0 0 0 0 1 0 0 0 0 1 1 0 1 1 0 1 1 1 1 513
0 1 0 1 0 1 1 0 0 1 0 0 1 0 1 1 1 1 0 1 484
0 0 1 1 1 0 0 0 1 1 1 1 0 0 0 0 1 1 0 1 458
1 1 0 0 0 1 0 1 1 0 0 1 0 1 0 0 0 1 1 0 508
1 1 0 1 0 1 1 1 0 1 0 0 0 1 0 0 0 0 0 0 397
1 0 0 0 1 1 0 0 1 1 1 0 0 1 1 0 1 1 0 1 512
1 1 1 1 0 0 0 0 1 1 0 0 0 0 0 1 1 0 1 0 549
1 0 0 1 0 1 1 0 1 0 1 0 1 1 1 1 1 0 0 1 447
1 0 1 1 1 0 1 1 0 0 0 1 1 1 1 0 0 0 0 0 479
0 0 1 1 0 0 0 1 1 1 1 1 0 0 0 0 0 0 1 0 411
1 0 1 1 0 1 1 1 0 0 1 0 0 0 1 0 1 1 0 0 429
1 1 1 0 1 0 0 0 0 1 0 1 1 0 1 1 0 0 1 0 688
0 1 0 1 0 0 0 0 0 1 0 1 1 0 1 0 1 1 1 0 483
1 0 1 1 0 1 0 1 0 0 1 1 1 0 0 1 0 0 0 0 469
0 1 1 0 1 0 1 0 0 1 0 0 0 1 1 1 1 0 0 1 525
1 0 0 0 1 1 0 1 0 0 1 1 1 1 1 0 0 1 0 0 499
0 1 1 0 1 1 1 1 0 0 0 1 1 0 0 0 0 1 0 1 496
0 1 1 0 1 0 1 0 0 0 1 0 1 1 0 0 0 1 1 1 472
1 0 0 0 1 0 1 0 1 1 0 0 1 1 1 0 1 0 1 1 554
1 1 0 1 1 1 1 0 0 1 1 0 0 0 1 0 0 0 1 0 536
0 0 0 0 0 0 0 0 0 1 1 1 0 1 0 1 1 1 1 0 486
1 0 1 0 0 0 0 1 0 0 0 1 1 0 1 0 1 1 1 1 566
0 0 1 1 0 0 0 1 0 0 1 1 0 1 0 0 1 0 0 0 305
0 0 1 0 0 1 1 0 1 1 0 0 0 1 1 0 1 0 1 0 432
0 0 1 1 0 0 0 1 1 1 1 1 0 0 0 0 0 0 1 0 411
1 0 0 1 1 1 1 0 0 1 1 1 0 1 0 0 0 0 0 0 451
1 0 0 1 1 1 1 0 0 0 1 1 1 0 0 1 0 0 1 1 576
1 0 1 1 0 0 1 1 0 0 1 0 1 0 1 1 0 1 1 0 541
1 0 1 1 0 1 1 0 1 0 0 0 1 0 0 0 1 1 1 1 491
1 0 0 0 1 1 0 1 1 1 0 0 1 0 1 0 1 1 0 1 550
0 0 0 1 0 1 0 0 0 1 1 0 1 1 0 0 0 1 1 0 365
0 0 0 1 0 0 0 1 0 0 0 0 1 1 1 1 1 1 1 0 436
1 0 1 1 1 1 0 0 0 0 0 0 0 0 1 1 1 1 1 1 620
1 0 1 1 0 0 1 0 1 1 0 0 1 1 0 0 0 1 1 0 478
0 1 0 1 1 1 1 0 1 1 1 0 0 0 0 0 0 1 1 0 468
1 0 1 0 0 1 0 0 0 1 1 1 0 0 0 1 1 1 0 0 553
1 1 0 1 1 0 1 0 0 1 0 1 1 0 1 0 0 0 1 1 601
1 0 0 0 1 0 0 0 1 0 0 1 1 1 0 1 1 1 1 1 619
0 1 1 1 0 1 0 0 0 1 1 0 0 0 0 0 1 0 0 1 362
1 1 1 1 1 0 0 0 1 0 0 1 1 0 1 1 0 1 1 0 664
0 0 1 0 1 1 1 0 0 0 0 1 1 1 1 0 1 1 0 0 466
0 0 0 1 0 0 1 1 1 1 0 1 1 0 1 1 0 1 1 0 533
0 0 1 1 0 0 1 0 1 0 1 1 0 0 1 1 1 1 1 1 523
1 1 1 0 0 0 0 0 0 1 1 0 0 1 1 1 1 0 0 0 511
1 0 1 0 0 1 0 1 1 1 0 0 1 1 1 0 0 0 0 1 465
0 0 0 0 1 0 0 1 1 1 0 0 1 1 1 1 1 1 0 0 498
0 0 1 1 0 0 1 0 1 0 1 1 1 0 1 0 1 1 1 0 447
1 0 0 1 1 1 0 1 0 0 1 0 1 1 1 0 0 1 0 0 436
0 0 1 1 1 0 1 1 0 1 0 0 0 1 0 1 0 0 0 1 448
1 0 0 1 0 1 1 0 1 0 1 0 1 1 1 1 1 0 0 1 447
0 0 0 1 0 0 1 0 1 1 1 1 1 1 0 0 1 0 0 0 330
1 1 0 0 1 0 1 1 0 1 0 0 1 0 0 0 0 1 1 1 592
1 1 1 1 0 1 0 0 0 0 0 0 1 1 0 0 1 0 0 0 385
0 0 1 0 1 1 1 1 1 0 0 0 1 1 0 1 0 1 0 1 484
1 1 0 0 1 0 1 0 0 1 0 0 1 0 1 1 1 0 1 1 656
0 1 1 0 0 1 0 0 1 1 0 0 0 1 0 1 0 0 1 1 498
1 0 1 1 0 0 0 0 0 1 1 0 0 0 0 0 1 1 1 1 490
1 1 0 0 0 0 0 0 1 0 1 1 0 1 1 0 1 1 1 1 535
1 1 0 1 0 0 1 1 1 0 1 0 1 0 1 1 0 1 1 0 548
1 0 1 0 0 1 1 0 0 1 1 1 1 0 0 1 0 1 0 1 576
1 1 1 0 0 0 1 1 0 0 0 0 1 0 0 0 1 0 1 1 502
0 0 0 1 1 0 1 1 1 0 1 1 1 0 1 0 0 1 1 1 494
0 0 1 1 1 1 1 1 1 0 1 0 1 0 1 0 0 1 0 1 429
0 1 1 0 0 0 0 1 0 1 0 1 1 1 1 0 0 0 0 0 425
0 1 1 0 1 0 1 0 0 0 1 1 0 0 1 1 1 0 1 0 575
0 1 1 0 1 1 1 0 0 0 1 1 0 0 1 1 0 0 1 1 593
1 0 0 1 1 0 1 0 0 1 1 0 0 1 0 1 0 0 1 1 541
0 0 1 1 1 1 1 0 1 1 0 1 1 0 0 1 0 0 0 1 518
1 1 1 0 0 1 0 0 0 0 1 1 1 0 1 1 1 0 0 0 546
1 1 0 0 1 1 0 1 0 0 0 0 0 1 1 0 0 1 1 1 562
0 0 1 1 1 0 1 0 0 0 1 1 0 1 0 1 1 0 0 0 427
0 0 0 1 0 1 0 0 0 1 0 0 1 1 0 1 1 1 0 1 408
0 1 0 0 0 0 0 1 0 0 1 1 0 1 0 1 0 1 1 1 491
1 1 1 1 0 1 1 1 0 0 0 1 1 0 0 0 0 0 0 0 447
1 1 1 0 0 1 1 0 0 1 0 1 0 0 0 0 1 1 0 0 531
0 1 1 1 0 0 1 1 0 0 0 0 0 1 0 1 1 0 0 0 373
1 0 0 1 0 1 1 1 1 0 0 0 1 1 0 0 0 0 1 1 420
1 0 1 0 0 1 1 1 1 0 0 1 1 1 0 1 0 0 0 0 498
1 1 0 1 1 1 0 0 0 1 1 1 0 0 1 0 0 1 0 1 559
1 1 0 0 1 1 1 0 0 0 1 1 1 0 0 0 0 1 1 1 589
0 1 0 1 0 1 1 1 1 0 1 0 0 1 1 1 0 1 0 0 402
1 0 1 0 1 0 1 0 1 1 1 0 0 1 1 1 0 0 1 0 602
1 1 0 1 1 0 1 0 0 1 0 0 1 1 0 1 0 1 0 1 556
0 1 1 0 0 0 0 1 0 0 1 0 0 1 0 1 1 1 0 0 408
1 0 0 0 0 0 1 1 1 0 1 1 1 1 0 0 1 1 0 0 428
0 1 1 1 1 1 0 1 1 0 0 1 0 0 0 1 0 0 0 1 500
1 0 1 0 1 0 0 1 0 1 0 0 0 0 0 0 1 0 1 1 554
1 1 0 0 1 1 1 0 1 0 1 0 0 0 1 1 1 1 1 0 630
1 0 0 0 0 1 0 1 1 0 0 1 0 1 0 0 1 0 1 0 460
1 1 0 0 0 1 1 1 1 0 1 0 1 0 1 0 0 1 1 1 531
1 0 0 0 1 0 1 0 1 1 0 1 1 1 1 1 0 0 1 1 652
1 0 1 0 0 1 0 0 1 1 1 1 0 0 0 1 1 0 0 1 545
1 1 0 0 0 0 1 1 1 0 0 0 0 1 0 0 1 1 1 1 491
0 0 1 1 0 1 0 1 1 1 0 0 0 0 1 0 0 1 1 1 463
1 0 1 0 0 1 0 1 0 1 0 0 0 1 1 1 0 1 0 1 549
0 0 0 0 1 0 1 1 1 0 0 0 1 1 0 0 1 1 1 1 451
1 0 1 1 1 1 0 0 0 0 1 1 0 0 0 1 0 0 1 1 586
1 0 0 0 1 0 1 1 0 1 0 0 1 0 0 0 1 0 1 1 544
1 1 1 1 1 0 0 0 1 0 1 1 1 0 0 0 0 0 1 0 532
0 1 1 0 0 0 1 0 0 0 1 1 1 1 1 0 1 0 0 1 405
0 1 1 0 1 0 1 1 0 1 0 0 0 1 0 0 0 1 0 1 461
0 0 0 1 0 0 1 0 1 1 0 1 1 1 1 1 1 1 0 0 462
0 0 1 1 1 1 1 0 1 1 1 0 0 0 0 0 0 0 1 1 453
1 1 1 1 0 0 0 0 0 1 1 1 0 1 1 0 0 0 0 0 456
1 0 0 1 0 0 0 1 1 1 1 0 1 1 1 0 0 1 0 1 430
0 0 0 0 1 0 0 1 0 1 1 0 0 1 0 1 1 1 0 0 450
0 0 1 1 0 0 1 0 1 1 1 1 1 1 0 0 0 0 0 1 363
1 1 1 0 0 1 0 1 0 0 0 1 0 0 0 1 0 0 1 1 595
0 0 0 1 1 0 1 1 0 0 1 1 1 0 0 0 1 1 0 1 413
0 0 1 0 1 0 1 1 1 0 1 1 0 0 1 1 1 1 0 1 550
0 1 0 1 1 0 0 0 0 0 1 0 1 0 1 1 1 1 1 1 534
0 0 0 0 0 1 1 0 0 1 1 1 0 1 0 0 1 1 0 1 397
0 0 0 0 1 0 1 0 0 1 1 1 1 1 1 0 1 0 0 1 447
1 1 0 1 1 0 0 0 0 1 0 1 0 0 1 0 1 0 1 0 578
0 0 0 1 0 1 1 1 0 0 0 1 1 1 1 1 0 1 0 1 445
0 1 0 0 0 0 1 1 1 1 1 1 0 0 0 0 0 1 1 1 490
0 1 0 0 0 1 1 0 0 1 1 1 1 0 1 0 0 1 1 0 504
0 0 0 0 1 1 1 0 0 0 1 1 1 1 0 1 0 0 1 1 507
1 1 1 0 0 0 0 0 1 1 1 1 0 0 0 1 1 1 0 0 575
1 1 0 1 0 0 0 1 0 0 1 1 0 0 0 1 0 1 1 1 560
1 0 1 0 0 1 0 1 0 0 0 1 0 1 0 0 0 1 1 0 501
0 0 0 1 1 0 1 1 1 1 0 0 0 1 1 1 0 0 1 0 496
0 0 0 0 1 0 1 1 1 0 1 0 1 0 1 1 1 1 1 1 549
1 1 0 0 0 0 1 1 1 1 0 0 1 1 1 1 0 1 0 1 561
0 1 0 0 0 1 0 0 1 1 1 0 0 1 0 1 1 1 0 0 428
1 0 0 1 0 0 1 0 0 0 1 0 1 1 1 0 1 1 1 1 455
0 0 0 0 1 1 1 1 0 0 1 1 0 0 0 0 1 0 1 0 448
1 0 1 1 0 1 0 1 0 0 0 1 0 0 1 0 1 1 0 1 489
1 0 1 0 1 1 1 1 1 1 0 0 0 0 1 0 1 0 0 0 528
1 1 0 0 1 1 1 1 0 0 0 0 1 1 1 1 0 1 0 0 567
0 1 1 0 0 1 1 0 1 1 1 0 1 0 1 0 1 0 0 0 413
0 0 1 1 0 0 0 0 0 1 0 1 1 0 1 0 1 0 1 1 468
0 0 0 0 0 1 1 0 0 1 1 1 0 0 1 1 1 0 1 1 532
1 1 0 1 0 0 1 1 0 0 0 1 0 0 0 0 1 0 1 1 490
0 1 0 1 1 0 0 1 1 0 1 0 1 0 0 1 1 1 0 0 444
1 1 0 1 1 0 1 0 1 1 1 1 0 1 0 0 0 0 0 0 473
1 1 1 0 0 1 1 1 0 0 0 1 0 0 1 0 0 1 1 0 577
0 1 0 1 1 0 0 1 0 1 1 1 1 0 0 0 0 0 0 0 413
1 1 1 0 0 1 0 0 1 1 0 1 0 0 0 1 0 0 1 1 630
0 1 0 0 0 1 0 1 1 0 1 0 0 1 0 1 1 0 0 1 385
0 0 0 1 0 0 1 0 1 1 1 1 0 1 1 1 0 1 1 0 495
0 0 0 1 1 0 0 1 0 1 0 1 0 1 0 0 0 0 1 0 432
1 0 1 1 1 0 1 1 1 0 0 1 0 0 0 0 1 1 0 1 521
0 0 0 1 0 0 0 1 0 1 0 1 0 0 0 0 1 1 1 1 447
1 1 0 1 1 1 0 0 1 0 0 0 0 0 1 1 1 1 1 1 627
0 0 1 0 0 1 1 1 0 1 0 0 0 0 0 0 1 0 1 0 422
1 0 0 1 1 1 0 1 1 0 0 1 1 0 0 0 0 1 1 0 537
0 1 1 1 0 1 0 1 0 0 0 1 1 0 1 1 0 0 0 1 473
0 0 0 0 0 1 1 1 1 1 1 1 0 0 0 1 1 0 0 0 442
0 0 0 0 0 1 0 0 0 1 1 1 0 1 0 1 0 1 1 1 504
1 0 0 0 0 0 0 1 1 0 1 0 0 1 0 1 1 1 1 1 513
1 0 0 0 0 0 0 1 1 0 1 0 1 1 0 0 1 1 1 0 437
0 1 1 0 0 0 0 0 0 0 1 0 1 1 1 0 1 0 1 1 414
0 1 0 0 1 0 1 0 1 0 1 1 1 1 0 1 0 0 1 1 529
1 1 1 0 0 0 0 1 1 0 1 0 0 0 1 0 1 1 1 0 523
0 0 0 1 0 1 1 1 0 0 0 1 1 1 1 1 0 1 0 1 445
0 1 1 1 0 1 1 0 1 1 0 0 1 1 0 0 0 0 0 0 350
1 1 0 1 1 0 0 0 1 1 0 0 0 1 0 1 1 0 0 1 525
0 0 0 0 0 0 1 1 1 1 0 1 1 0 1 0 1 1 1 0 498
1 0 1 1 1 0 1 0 1 1 0 1 1 1 1 0 0 0 0 0 514
0 1 0 0 1 0 0 1 0 0 1 0 1 1 1 1 1 0 0 0 443
0 0 1 1 1 0 1 0 0 0 0 1 1 1 1 0 0 1 1 1 501
0 0 1 0 1 0 0 1 0 0 1 1 1 0 0 1 1 1 0 0 500
0 1 1 1 0 0 0 0 1 1 0 1 0 1 0 0 0 0 1 0 425
0 0 0 0 0 1 0 1 0 0 0 0 1 1 1 0 1 1 1 1 419
1 1 1 0 1 0 0 1 1 1 0 0 0 0 0 1 1 0 0 0 576
1 0 0 0 0 0 1 1 0 1 0 0 1 1 1 1 1 1 0 0 521
1 0 0 1 0 1 1 0 0 0 1 0 1 1 1 1 1 1 0 0 455
1 1 1 1 1 1 1 0 0 0 0 1 0 0 0 0 0 0 1 1 564
1 0 1 1 0 1 0 0 1 1 1 0 1 0 0 0 1 0 0 0 406
1 0 0 1 0 0 0 1 0 0 1 1 0 0 0 1 1 0 1 1 512
0 0 0 0 1 1 0 1 1 0 0 1 1 1 0 0 0 1 1 0 468
0 0 0 1 0 0 0 1 0 0 0 0 1 1 1 1 1 1 1 0 436
0 1 0 0 1 0 0 1 1 0 1 1 1 0 0 1 1 1 0 0 507
1 0 1 0 0 0 1 1 1 0 1 1 1 0 1 1 0 0 1 1 596
0 1 0 1 0 0 0 1 0 0 1 1 1 0 1 0 1 1 0 1 403
1 0 0 0 0 0 0 1 1 1 0 1 1 1 1 0 0 0 1 1 530
0 1 1 0 0 0 0 1 0 1 0 1 0 1 1 1 0 0 0 1 501
0 1 1 1 0 1 1 0 1 0 1 0 0 0 0 0 1 0 1 0 378
1 0 1 1 0 1 0 0 1 0 0 1 0 0 0 1 1 1 1 0 566
1 0 1 1 1 1 1 0 1 0 1 1 0 0 1 0 0 0 1 1 560
0 1 1 1 1 0 0 1 1 0 0 1 0 0 0 1 1 0 0 0 482
1 0 0 0 1 1 1 1 0 1 0 1 0 0 1 0 0 1 1 0 619
1 1 0 1 0 1 1 1 0 0 0 1 0 0 0 1 1 0 0 0 490
1 1 1 1 0 0 0 1 1 0 0 1 0 0 1 0 1 1 0 1 511
1 0 0 0 1 0 1 1 0 1 0 1 1 0 0 1 0 0 1 1 642
0 0 1 1 0 0 0 0 1 1 0 1 0 1 1 1 1 1 0 0 472
1 0 1 0 1 0 0 1 1 0 0 0 1 0 0 1 1 1 1 0 607
1 1 0 0 1 0 0 0 1 1 0 1 1 1 0 0 1 0 0 0 512
0 0 0 1 1 0 1 1 1 1 1 0 0 1 1 1 0 1 0 0 459
0 1 1 0 0 1 1 1 0 0 0 1 0 1 0 1 0 0 0 1 454
1 0 1 1 1 1 1 0 0 0 0 1 1 0 1 0 1 1 0 0 535
1 1 0 0 1 1 1 0 0 0 1 1 1 0 0 0 0 1 1 1 589
1 1 1 0 0 1 0 0 0 0 1 1 0 1 0 0 0 0 1 0 481
0 1 1 0 1 1 0 1 0 1 1 0 0 0 1 0 0 1 0 0 478
0 1 0 1 0 1 0 1 0 0 0 1 0 1 0 0 0 0 1 0 375
1 0 1 0 1 0 1 1 0 1 1 0 0 0 0 1 0 0 1 0 592
0 1 1 0 1 0 1 0 0 0 1 1 0 1 0 0 1 1 0 0 440
0 1 1 1 1 1 0 1 0 0 0 1 0 0 0 1 0 1 0 0 508
0 1 0 0 1 0 1 0 1 0 0 0 1 1 1 1 1 1 1 1 563
0 0 0 1 1 0 1 1 1 0 1 1 1 0 1 0 0 1 1 1 494
1 0 0 1 1 1 0 1 0 0 1 0 0 1 1 1 0 1 0 1 512
1 0 1 0 0 0 1 0 1 1 0 1 0 1 0 1 0 1 1 1 617
0 0 1 1 0 1 1 1 1 0 1 0 1 1 1 0 0 0 0 0 311
0 0 0 1 0 1 0 0 0 1 1 1 1 0 1 0 1 1 0 1 416
1 1 0 0 0 1 1 1 1 0 1 0 1 0 1 0 0 1 1 1 531
0 1 0 0 0 1 0 1 1 0 1 1 1 1 0 1 0 0 0 0 407
1 0 1 1 0 0 0 1 0 0 1 1 1 0 0 0 0 0 1 1 469
0 1 0 0 0 1 1 0 0 0 1 1 1 1 1 0 1 0 0 1 390
1 1 1 1 1 0 0 0 1 0 0 1 1 0 1 1 0 1 1 0 664
0 0 1 1 0 0 0 0 1 1 0 0 1 1 1 1 0 1 1 1 504
1 0 0 0 1 1 1 0 1 1 0 0 1 1 1 1 1 0 0 0 554
0 0 0 1 1 0 1 0 0 0 1 1 0 1 0 0 1 0 1 1 412
0 0 0 0 1 1 0 1 0 1 1 0 1 1 0 0 0 1 0 0 392
1 1 0 0 1 1 0 0 1 1 0 1 1 1 0 0 0 0 0 1 530
1 0 0 1 0 1 0 0 0 0 1 1 1 1 0 0 1 0 0 1 383
0 1 1 1 0 1 0 0 0 0 1 0 0 1 1 0 1 0 0 1 337
1 0 1 1 0 1 1 0 0 1 1 0 1 0 0 1 0 1 0 1 513
0 1 1 1 0 1 0 1 0 0 0 0 1 0 1 0 1 0 0 1 375
0 0 1 0 1 0 1 0 1 1 0 1 0 0 1 1 1 1 1 0 630
1 1 0 0 0 1 1 0 0 0 1 1 0 1 0 1 0 0 1 1 547
1 0 0 0 0 1 0 1 0 1 0 0 0 1 1 1 1 1 0 0 516
1 1 0 1 1 0 0 1 0 0 1 0 0 1 0 0 0 0 1 0 447
1 0 1 1 1 1 0 0 1 0 1 0 1 0 1 0 1 1 0 1 499
1 1 1 0 1 1 0 1 1 0 0 0 1 1 1 0 0 0 0 0 493
1 1 1 0 1 0 0 0 0 1 0 0 0 0 1 1 1 0 1 1 666
1 0 1 0 1 0 0 1 1 1 1 1 1 0 0 0 0 0 0 1 531
0 1 1 1 1 0 0 0 0 0 0 0 1 1 0 1 1 1 0 0 451
1 0 1 1 1 1 0 0 1 0 0 0 1 0 1 0 1 0 1 1 536
1 1 0 1 0 0 1 1 1 0 1 1 0 0 1 0 0 1 1 1 534
0 0 1 1 1 0 1 0 1 0 1 0 0 1 1 0 1 0 1 0 410
1 0 0 0 0 1 0 0 1 0 1 0 1 1 1 1 1 0 1 1 519
1 0 1 1 0 1 1 0 1 1 0 1 0 1 0 0 0 1 0 0 464
1 0 1 0 1 1 0 1 1 1 1 0 0 0 1 1 0 1 0 0 598
0 1 1 0 0 1 1 1 0 0 1 0 1 0 1 0 1 0 0 0 378
1 1 0 0 1 1 1 0 0 1 1 1 0 0 1 0 0 0 1 0 599
0 1 1 1 0 1 1 0 0 1 0 1 0 0 1 0 0 0 1 0 479
1 0 1 1 0 1 1 0 1 1 0 1 0 1 0 0 0 1 0 0 464
0 0 0 0 0 1 1 0 0 1 1 1 0 0 1 1 1 0 1 1 532
0 1 1 0 1 0 0 1 1 1 1 1 0 0 1 1 0 0 0 0 550
0 0 1 0 1 0 0 1 0 1 1 0 1 0 1 1 0 0 1 0 542
1 1 0 0 0 1 1 1 0 0 1 0 1 0 0 0 1 1 0 1 450
0 0 1 1 1 1 0 1 1 0 1 1 0 0 1 1 0 1 0 0 504
0 1 1 0 1 1 1 0 0 0 0 1 1 0 1 1 1 0 0 1 560
1 0 0 0 1 1 1 0 1 0 1 1 0 1 0 1 1 1 0 0 545
0 0 1 1 1 0 0 1 0 0 0 1 0 0 0 0 1 0 1 1 460
0 0 1 1 1 1 0 0 0 0 1 1 1 0 1 0 1 0 0 1 429
1 0 0 0 0 0 1 1 1 0 0 1 1 1 0 0 1 0 1 0 465
1 0 1 1 1 0 0 0 1 0 1 1 0 1 0 0 0 1 1 0 514
1 1 0 0 0 1 1 0 0 0 0 0 0 1 1 1 1 1 1 1 581
1 0 0 1 0 1 0 0 0 0 1 0 0 1 1 0 1 1 1 1 450
0 1 0 0 0 1 0 0 0 1 1 1 1 0 0 1 0 0 1 1 522
0 0 1 0 0 1 0 0 0 1 1 0 0 1 0 1 1 1 0 0 421
0 0 1 0 1 1 1 0 0 0 1 1 0 1 1 0 0 1 1 0 499
1 0 1 0 0 0 1 0 1 0 1 1 1 1 1 1 1 0 0 1 525
1 0 1 1 1 0 0 1 1 1 0 0 1 0 1 1 0 1 0 1 600
0 0 1 1 1 0 1 1 1 0 1 1 1 0 1 1 0 1 0 0 509
1 1 1 1 0 1 0 1 1 0 0 0 1 0 1 1 0 1 0 1 543
1 0 0 0 1 1 0 0 0 1 1 1 1 0 1 1 1 0 0 0 588
0 1 0 0 1 1 0 0 1 0 1 1 1 1 0 0 0 0 1 0 448
0 0 0 1 0 1 0 1 0 0 0 0 1 1 1 1 0 1 1 1 454
1 0 0 1 0 0 1 0 1 1 0 0 0 1 0 1 1 1 1 0 521
1 1 0 1 0 0 0 0 0 0 1 1 1 1 0 0 1 1 0 0 413
0 1 1 0 0 1 0 0 1 0 0 1 1 0 0 1 1 0 1 0 515
1 1 0 1 0 1 0 1 0 1 0 0 0 0 1 0 1 0 0 1 457
0 1 1 1 0 0 1 0 1 0 0 1 1 0 0 0 1 0 1 1 443
1 1 0 1 1 1 0 0 1 1 1 0 1 0 1 1 0 0 0 1 565
0 1 0 0 1 0 0 1 1 1 0 1 1 0 1 0 1 0 0 1 502
0 1 1 0 0 1 0 1 0 0 1 0 1 1 0 0 0 1 0 0 350
0 1 1 1 0 0 0 1 1 0 0 1 0 1 1 1 0 1 0 1 477
1 1 1 1 1 0 0 0 0 1 1 1 0 0 1 0 0 1 0 1 574
0 1 0 0 0 1 0 1 1 0 0 0 1 1 1 1 1 1 0 0 441
1 0 0 1 1 1 0 0 1 0 0 1 1 1 0 0 1 1 0 0 466
0 0 1 1 1 0 1 1 0 1 0 0 1 1 0 0 0 0 0 0 372
1 0 1 1 1 0 0 0 1 1 1 0 0 1 1 1 0 1 0 1 562
1 0 1 1 0 1 1 0 1 1 1 1 0 0 1 1 0 1 0 0 562
1 1 0 0 1 0 0 1 0 0 0 1 0 1 1 1 0 1 1 0 642
0 1 0 0 0 0 1 0 1 1 0 1 0 1 0 0 1 0 1 1 456
1 0 1 1 0 0 1 0 0 0 0 0 1 1 1 1 1 0 1 0 507
1 0 0 0 0 1 0 1 1 0 1 1 0 0 1 1 1 0 1 0 558
0 0 1 0 0 1 1 0 0 1 0 0 1 1 0 1 0 0 1 1 481
0 1 1 0 1 1 0 1 1 1 1 0 0 0 1 0 0 0 0 1 470
1 0 0 0 0 1 0 0 1 1 0 1 1 0 1 0 1 1 1 1 586
0 1 0 0 1 0 1 1 1 1 1 0 1 0 1 0 1 0 0 0 442
1 0 1 0 0 1 1 1 0 0 0 0 0 1 0 1 1 1 0 0 484
0 1 1 1 0 0 0 1 0 1 0 0 0 1 1 1 0 0 0 1 438
0 0 0 0 1 0 0 1 1 0 0 1 0 1 0 1 1 1 1 0 526
0 1 0 1 0 1 1 0 0 0 1 0 1 1 1 0 1 0 0 1 327
1 1 1 1 1 0 1 0 1 0 0 0 0 1 0 1 0 1 1 0 582
1 1 0 0 0 0 0 1 0 1 0 0 1 0 1 0 1 0 1 1 534
0 1 1 0 0 1 0 1 0 0 1 0 1 1 0 0 0 1 0 0 350
0 0 1 0 1 0 0 0 1 1 0 1 1 0 0 1 1 0 1 0 572
1 0 1 0 1 1 0 0 1 0 0 0 1 1 0 1 1 1 0 1 554
0 0 1 0 1 1 1 0 1 1 0 1 0 0 1 1 0 1 1 1 648
0 1 1 1 1 1 0 0 1 0 0 1 0 1 1 1 0 1 0 0 518
1 1 0 0 0 1 0 0 1 1 1 1 0 0 0 1 1 1 0 0 560
0 1 0 1 0 1 0 0 0 1 1 0 1 0 0 1 0 0 1 1 459
1 0 0 0 0 0 1 1 0 0 0 1 0 1 0 1 1 1 1 0 549
1 0 1 0 0 0 0 1 1 0 1 1 0 0 1 1 1 0 1 0 573
0 1 0 1 1 1 1 1 0 0 0 0 1 0 0 0 1 1 0 0 400
0 0 1 0 1 1 0 1 0 0 0 1 1 0 0 1 0 0 1 1 555
1 0 1 1 0 0 0 1 1 0 0 0 0 1 0 0 1 0 1 0 412
0 0 1 0 1 0 0 1 0 1 0 0 0 1 0 1 0 0 1 1 520
1 0 0 1 1 0 1 0 0 0 1 1 1 0 0 1 1 0 1 0 558
1 0 0 0 0 1 1 0 1 1 0 1 0 1 0 1 0 1 1 1 602
0 1 1 0 0 1 0 0 0 0 1 1 0 1 1 0 1 0 0 1 400
0 0 1 1 0 1 0 1 0 0 1 0 1 1 0 1 0 0 0 0 337
0 0 1 1 1 1 1 1 0 0 1 0 0 0 0 0 0 0 1 1 418
1 0 0 0 0 0 1 1 1 1 0 0 1 1 1 1 1 0 0 1 513
0 1 1 0 1 0 1 1 0 0 0 1 1 0 0 0 1 1 0 0 478
1 0 0 1 1 0 0 1 0 0 1 0 0 1 1 1 1 1 0 0 494
1 0 0 1 0 1 0 0 1 0 1 1 1 1 1 0 0 0 1 1 464
1 1 0 0 1 0 0 1 0 1 1 0 0 1 1 1 0 0 0 1 558
0 0 0 1 0 0 1 0 1 1 1 1 0 1 0 1 1 0 0 1 406
1 0 1 1 1 1 1 0 1 0 0 0 0 1 0 1 0 0 1 1 552
1 1 0 0 0 0 0 0 1 1 1 0 1 0 0 1 1 1 1 0 574
0 1 0 0 0 0 0 1 1 0 0 0 1 1 1 0 1 1 1 1 441
0 1 0 0 0 1 1 0 0 1 1 1 1 0 1 0 0 1 1 0 504
1 1 0 1 0 1 1 0 1 1 1 0 1 0 0 1 0 1 0 1 520
1 0 0 1 1 1 0 0 1 1 1 0 0 1 1 1 0 1 0 1 547
1 0 0 0 1 0 0 1 1 1 1 0 0 0 1 0 1 1 1 0 565
0 0 1 1 0 0 1 1 1 1 0 1 0 0 1 0 1 1 0 0 436
1 0 1 0 0 1 1 1 0 0 0 0 0 1 0 1 1 1 0 0 484
1 1 1 0 0 1 0 0 0 0 0 1 0 1 0 1 1 0 0 1 524
0 1 0 1 0 1 0 0 1 1 1 0 0 0 1 0 1 0 1 0 410
0 1 0 0 1 0 0 1 0 1 1 1 0 0 1 0 0 1 1 0 543
1 0 0 0 0 1 1 0 1 1 0 1 1 1 0 0 0 1 1 0 526
0 0 1 1 1 0 0 0 0 1 1 0 0 1 1 0 1 0 0 1 394
0 1 1 1 0 0 0 0 1 1 0 1 0 1 0 0 0 0 1 0 425
1 0 0 0 1 0 1 1 0 1 1 0 1 0 0 0 1 1 0 1 507
1 0 1 0 1 0 0 1 1 1 1 1 1 0 0 0 0 0 0 1 531
1 1 0 1 0 0 1 0 1 0 1 1 0 1 1 0 1 1 0 1 463
1 0 0 0 0 1 0 0 0 0 1 1 0 1 1 0 1 1 1 1 513
1 0 1 1 1 0 1 1 1 0 0 0 1 0 0 1 1 1 0 0 535
0 1 0 0 0 0 1 1 1 0 1 0 1 1 1 1 0 1 1 0 479
0 1 1 0 1 0 0 0 1 1 0 0 1 0 0 0 1 1 1 0 522
0 0 1 0 0 0 1 1 1 0 1 1 0 1 1 1 1 0 0 0 432
0 1 0 0 1 1 1 0 1 1 1 1 0 0 0 0 0 1 1 0 531
0 0 0 1 0 1 1 0 1 0 0 0 1 1 0 1 1 1 1 0 424
1 0 1 1 0 1 0 0 1 1 1 0 1 0 0 0 1 0 0 0 406
1 1 1 1 0 0 0 1 0 0 0 0 0 0 0 1 1 0 1 0 514
1 1 1 0 1 1 0 0 1 0 1 0 1 0 0 1 0 0 1 1 605
1 0 0 1 1 1 1 1 0 0 0 0 0 1 1 0 1 0 0 1 442
0 1 1 0 0 1 1 1 0 0 1 0 0 0 1 1 1 0 0 1 454
0 0 1 1 0 0 0 0 0 0 1 1 1 0 0 1 1 1 1 0 473
0 1 1 0 1 0 0 0 0 0 1 1 0 1 0 1 0 1 1 0 547
0 0 1 1 0 0 1 1 0 0 0 0 1 1 1 0 1 1 0 1 362
0 0 1 0 1 0 0 0 1 0 0 1 1 1 1 1 1 0 1 0 547
1 1 1 1 1 0 0 0 0 1 1 0 1 0 1 1 0 1 0 0 588
1 0 0 0 0 0 1 1 1 0 1 1 1 0 1 1 1 0 1 0 563
1 0 1 0 0 1 1 0 1 0 0 1 1 0 0 0 1 1 1 1 554
1 1 1 1 1 0 0 0 0 0 1 1 0 0 0 1 0 1 1 0 616
1 1 1 1 0 0 1 1 0 0 0 1 0 0 0 1 1 0 0 0 505
0 1 0 0 1 1 1 1 0 1 1 0 0 0 1 1 0 1 0 1 544
1 1 1 1 0 0 1 0 0 0 1 1 1 0 1 0 1 0 0 1 474
0 1 0 0 1 0 1 1 1 1 0 0 0 1 1 0 0 1 1 0 509
1 0 0 0 1 1 0 0 0 1 0 1 1 1 0 0 1 0 0 0 490
0 0 0 0 1 1 0 1 1 0 1 0 0 0 1 1 1 1 1 1 544
0 0 0 1 0 0 1 1 1 0 1 0 0 1 1 0 1 0 1 1 354
1 0 0 0 1 0 0 1 0 0 1 1 0 1 1 1 1 1 0 0 557
1 0 1 1 0 0 1 0 1 1 0 1 1 0 1 0 1 1 0 1 529
0 0 0 1 0 0 0 0 1 1 1 1 1 1 0 1 0 0 1 0 437
1 0 1 1 0 1 1 1 0 0 0 1 0 0 1 1 0 0 1 0 564
0 0 0 0 0 0 0 1 1 0 0 1 1 1 1 1 1 0 1 1 491
1 1 0 0 0 0 1 0 0 0 1 1 0 1 0 1 1 0 1 0 529
1 1 1 1 0 0 0 0 0 0 1 1 1 0 1 1 0 0 1 1 581
1 1 0 0 0 1 1 1 0 1 1 0 0 0 1 0 1 0 0 0 460
0 0 0 1 0 1 1 0 1 1 1 1 1 1 0 0 0 0 0 1 348
0 1 0 0 1 0 1 1 0 1 0 0 0 1 0 0 1 1 0 0 428
1 1 1 1 0 1 1 0 0 0 0 0 0 1 1 0 1 1 0 0 443
0 1 0 0 1 1 0 1 0 1 0 1 1 0 1 0 0 1 0 1 528
0 0 1 0 1 1 1 0 1 0 1 1 0 1 1 0 0 0 1 1 491
0 1 0 1 0 0 1 1 1 0 0 0 1 1 1 0 1 1 0 1 369
0 0 0 1 0 0 0 0 1 1 0 0 1 1 1 1 1 1 1 0 471
1 1 1 0 1 1 1 0 0 0 1 1 1 0 0 1 0 1 0 0 604
1 0 0 1 0 0 0 1 1 0 1 1 1 0 1 1 1 1 0 1 523
1 0 1 0 0 0 1 0 0 0 0 1 1 1 1 1 1 0 1 0 570
1 0 0 1 1 1 1 0 1 1 0 1 1 1 1 0 0 0 0 0 499
0 0 0 1 1 0 1 1 0 0 0 1 1 0 0 0 1 0 1 1 450
0 0 1 1 1 1 0 1 0 1 1 0 0 0 1 1 0 0 0 0 465
0 0 1 0 0 1 0 1 0 0 1 0 0 1 1 1 0 1 1 0 467
1 0 1 0 0 0 1 1 1 0 1 1 1 1 0 0 0 1 0 1 461
0 0 1 1 0 1 0 0 0 1 0 1 1 0 1 1 1 0 0 0 468
0 1 1 1 0 1 0 1 0 0 1 0 0 0 1 0 0 0 1 1 408
0 1 0 0 0 0 0 0 1 1 1 1 0 1 0 1 0 1 1 1 526
0 1 0 0 1 0 0 1 1 1 1 1 0 0 1 0 0 0 1 1 535
0 0 1 0 0 1 0 0 0 0 1 1 1 0 0 0 1 1 1 1 456
0 0 1 0 0 0 1 0 0 1 1 0 1 1 0 1 1 1 0 0 426
0 1 1 0 1 0 1 1 1 0 1 1 0 0 0 0 0 0 1 1 503
0 1 0 0 0 1 0 1 1 0 0 1 0 1 1 0 1 1 0 1 427
1 1 1 0 0 1 0 0 1 0 0 1 1 1 1 0 0 0 1 0 529
0 1 0 0 1 1 0 0 0 1 0 1 0 1 1 0 0 0 1 1 527
1 0 0 0 0 0 1 1 1 1 0 0 1 1 1 1 1 0 0 1 513
0 1 0 0 0 1 0 0 0 0 1 0 1 1 1 0 1 0 1 1 399
0 1 0 1 0 0 0 1 1 1 0 1 0 0 0 1 1 1 0 0 469
1 1 0 1 0 1 1 1 1 0 0 1 0 1 0 0 0 1 0 0 436
1 0 1 1 0 0 1 1 1 0 1 0 1 1 0 0 0 1 0 1 398
1 1 0 0 1 0 1 1 1 1 0 1 0 0 1 0 0 1 1 0 641
1 0 1 0 0 1 1 0 0 0 0 0 1 1 1 0 1 0 1 1 490
0 1 0 1 0 0 0 1 0 0 0 0 1 1 0 1 1 1 0 1 395
0 1 1 0 0 0 0 0 1 0 1 1 1 0 0 0 1 1 1 1 478
1 0 0 0 1 1 0 1 1 1 0 0 1 0 1 0 1 1 0 1 550
1 1 0 1 1 0 0 1 1 1 0 0 0 0 0 1 0 0 1 1 596
0 1 0 0 1 1 1 1 0 1 0 0 1 0 1 0 0 0 1 0 505
1 1 0 1 0 0 0 1 0 0 1 0 0 0 0 0 1 1 1 1 462
0 1 0 0 1 1 0 0 0 0 1 1 0 1 0 1 0 1 1 0 532
0 1 0 1 0 1 1 0 0 0 0 1 0 0 0 1 1 1 1 1 512
1 1 0 1 1 0 0 1 1 1 0 0 1 0 0 0 0 0 1 0 520
1 0 0 0 1 0 0 1 1 1 1 1 0 0 1 1 0 1 1 0 663
1 0 0 1 1 0 1 0 0 1 0 0 1 1 1 1 0 1 1 0 597
1 1 0 1 0 1 1 0 0 1 0 0 1 0 0 1 0 1 1 0 565
0 0 1 0 1 0 1 0 0 1 0 0 1 0 0 1 1 1 1 1 581
1 1 0 0 1 1 0 0 1 0 1 0 1 0 0 1 1 0 1 0 572
0 0 1 0 1 0 0 1 0 1 0 0 0 1 0 1 0 0 1 1 520
0 0 1 0 0 1 1 1 1 1 1 1 0 0 0 1 0 0 0 1 475
1 0 0 0 0 1 1 1 0 0 1 0 1 0 1 0 1 1 1 0 491
1 0 0 0 1 0 1 0 0 1 0 0 1 1 1 0 1 1 1 0 562
1 0 1 1 0 1 1 0 0 0 0 1 0 1 1 1 1 0 0 0 493
0 0 1 1 1 0 0 0 1 1 0 0 1 0 0 1 1 0 1 0 509
0 0 0 0 1 1 1 0 1 1 0 1 0 0 1 1 1 1 1 0 615
0 1 1 0 0 1 0 1 0 0 1 0 0 1 0 1 0 1 0 1 426
0 1 1 1 0 1 0 0 0 1 1 1 0 0 0 1 0 0 0 1 460
1 1 1 0 0 0 0 1 0 1 0 1 0 0 1 0 1 0 0 1 535
0 1 0 0 1 1 0 0 0 1 1 0 1 1 1 1 0 1 0 0 504
0 0 0 1 1 0 1 0 1 1 1 1 1 0 0 0 1 1 0 1 448
1 0 0 1 0 0 1 1 1 0 0 0 0 1 0 1 1 0 1 1 478
1 0 1 0 1 1 0 1 0 0 0 0 0 1 1 1 1 0 0 0 529
1 1 1 0 1 0 0 0 1 1 1 0 1 0 1 0 1 0 0 1 545
1 0 0 0 0 0 0 1 1 0 1 0 0 1 0 1 1 1 1 1 513
1 1 1 0 0 0 1 1 0 1 0 1 0 1 0 0 0 0 0 0 475
1 1 0 0 1 0 0 1 0 1 1 0 0 1 1 1 0 0 0 1 558
1 0 1 1 0 0 1 0 0 1 0 0 1 0 0 1 1 0 1 0 532
0 0 1 0 0 0 0 1 0 0 0 1 1 1 1 1 0 1 1 1 532
1 0 0 0 1 0 1 0 1 1 1 1 1 1 1 1 0 1 0 1 615
0 0 1 0 1 1 0 0 0 1 0 0 1 0 0 0 1 1 1 0 500
0 0 1 1 0 1 0 0 0 0 1 1 1 0 0 1 0 1 1 1 491
0 0 0 0 0 1 0 1 0 0 0 0 1 1 1 0 1 1 1 1 419
0 0 0 0 0 0 0 1 0 0 1 1 1 1 0 0 1 0 1 0 367
0 1 0 0 0 0 1 1 1 0 0 1 1 1 1 0 1 1 0 1 432
0 1 1 1 1 0 1 0 1 0 0 0 1 1 1 0 1 1 0 0 425
0 1 0 1 0 0 1 1 0 0 1 1 1 0 1 1 0 0 1 0 478
1 0 1 1 0 0 1 0 1 0 1 0 1 1 1 1 1 0 0 1 462
0 0 1 0 1 1 1 0 1 0 0 1 1 1 1 0 1 0 0 1 458
1 1 1 1 1 0 1 0 1 0 0 1 0 0 1 1 1 1 0 1 633
0 0 0 1 1 1 0 0 1 1 0 0 1 0 0 1 1 0 1 0 494
0 1 0 1 1 1 1 1 0 0 0 0 1 0 0 0 1 1 0 0 400
0 0 1 1 1 1 1 0 1 0 0 0 1 1 1 0 1 0 0 1 395
1 0 0 1 0 0 1 1 0 1 0 1 1 1 1 0 0 1 0 0 466
1 1 1 0 0 0 1 0 1 0 1 0 1 1 1 0 1 1 0 1 475
0 0 1 1 0 1 1 1 0 0 1 0 0 1 1 1 0 1 0 0 395
0 0 0 1 0 1 1 1 0 0 0 1 1 1 1 1 0 1 0 1 445
0 0 1 0 0 1 0 1 1 0 1 0 1 1 1 0 0 0 1 0 383
0 1 1 1 1 0 1 1 1 0 1 0 0 0 0 0 0 0 1 1 440
0 1 1 0 1 0 1 1 0 0 0 1 1 0 0 0 1 1 0 0 478
0 1 0 1 1 0 1 0 1 1 0 1 1 0 0 0 0 1 1 1 533
0 1 0 1 1 0 1 0 0 0 0 1 1 0 1 1 1 0 1 1 562
0 1 1 1 1 0 0 1 0 0 0 1 0 0 0 0 0 1 1 1 508
1 0 1 0 0 1 0 1 0 1 1 0 0 1 0 0 0 0 0 1 417
1 1 0 1 0 1 1 1 1 0 1 1 0 0 1 1 0 1 0 0 534
1 1 0 0 0 1 1 1 0 0 1 0 1 0 0 0 1 1 0 1 450
0 0 0 1 0 1 0 1 0 1 0 1 0 0 0 1 1 1 0 0 447
0 0 0 1 0 1 0 1 1 1 1 1 0 0 0 0 0 0 1 0 396
1 1 0 1 0 1 1 1 1 0 0 0 0 0 1 0 1 0 1 0 473
0 1 1 0 1 0 1 0 1 0 1 1 0 1 0 0 1 0 0 1 432
1 0 1 0 1 0 0 0 0 1 1 1 1 0 1 1 1 0 0 0 603
0 1 1 0 1 1 1 1 1 0 1 0 0 0 0 0 1 0 0 0 405
0 1 0 1 1 0 1 1 0 1 1 1 0 0 1 0 0 1 0 0 471
0 0 1 0 0 0 1 1 0 0 1 0 1 1 1 1 0 1 1 0 472
0 0 0 1 1 0 1 1 0 0 1 1 1 0 0 0 1 1 0 1 413
0 0 1 0 0 1 0 1 1 0 1 0 1 1 1 0 0 0 1 0 383
0 0 1 0 0 0 0 1 0 1 0 0 1 0 0 0 1 1 1 1 459
1 1 0 1 1 0 1 1 1 1 0 0 0 0 1 0 0 1 1 0 578
1 1 0 1 0 0 0 1 0 0 1 1 1 0 0 0 0 1 1 0 484
1 0 0 1 1 1 0 1 1 0 0 1 0 0 0 1 0 1 1 1 613
1 1 0 0 1 1 1 0 1 0 1 0 0 0 1 1 1 1 1 0 630
1 0 0 0 1 1 1 1 0 1 1 0 0 0 0 1 0 0 1 0 577
1 1 0 0 1 0 1 0 0 1 0 0 1 1 0 0 1 1 0 1 521
0 1 0 0 0 1 1 0 0 1 0 0 1 1 0 1 0 1 1 0 496
0 0 0 1 1 1 0 1 0 1 0 1 1 0 1 1 0 0 0 1 515
1 0 1 0 1 1 0 1 1 1 0 0 0 0 1 1 0 0 1 0 635
1 0 1 0 0 0 0 0 0 0 1 0 1 1 1 1 1 1 1 0 542
1 0 1 0 0 1 0 1 1 0 1 1 0 1 0 0 0 1 0 1 456
1 0 0 0 0 0 0 1 1 0 1 0 0 1 0 1 1 1 1 1 513
1 0 1 1 0 0 0 0 0 0 0 1 1 1 1 1 1 1 0 1 530
0 1 0 1 0 1 0 0 1 0 1 1 1 0 0 1 0 1 1 1 498
1 0 1 0 1 1 0 0 0 1 1 0 1 0 1 0 1 0 0 1 523
0 1 0 1 1 1 1 1 0 0 0 1 1 0 0 1 0 1 0 0 498
1 0 1 0 0 0 0 1 1 1 0 0 0 1 1 1 1 0 0 1 523
0 1 0 0 0 1 0 0 1 1 0 0 0 1 0 1 1 0 1 0 465
0 1 1 0 1 1 0 0 0 1 0 0 0 1 1 0 1 0 0 0 444
0 0 0 0 1 0 1 1 1 1 0 1 0 1 1 1 0 0 1 0 559
0 1 0 0 1 1 0 1 0 0 0 0 0 0 0 1 1 1 1 1 548
1 0 0 1 1 0 1 0 0 1 1 1 1 0 1 0 1 0 0 1 516
0 0 0 1 0 0 1 1 1 1 1 1 1 0 0 0 0 0 1 0 401
1 0 0 1 0 0 0 0 1 0 1 1 1 1 1 0 1 0 1 0 446
1 1 0 1 1 1 0 1 0 0 0 0 1 1 0 0 0 0 0 1 432
0 0 1 1 1 0 1 1 1 0 0 0 0 1 0 0 1 1 0 1 389
0 0 1 0 1 0 1 1 1 0 0 0 1 1 0 1 1 1 0 0 466
1 1 0 1 0 0 1 0 0 0 0 1 0 1 1 0 1 1 1 0 508
1 1 1 0 0 1 0 0 0 0 0 1 0 1 0 1 1 0 0 1 524
0 0 0 1 1 1 1 0 0 0 1 1 0 1 0 1 1 0 0 0 412
1 1 0 0 1 1 1 1 0 1 0 0 1 0 0 1 0 1 0 0 592
1 0 1 1 0 0 0 0 1 1 1 1 1 0 0 0 0 0 1 1 504
1 0 0 1 1 1 0 0 0 0 1 1 0 0 0 1 1 0 1 0 553
1 0 1 1 1 1 0 0 0 0 0 1 1 0 0 1 1 0 0 1 553
1 0 0 1 1 0 1 0 0 1 0 0 1 1 0 1 1 0 0 1 508
0 1 1 0 1 0 0 1 1 0 0 1 1 0 0 1 0 0 1 1 577
0 1 0 1 0 0 1 1 0 0 1 0 0 0 1 1 1 0 1 1 456
1 1 1 0 1 1 1 0 0 0 0 0 0 0 0 1 1 0 1 1 619
0 1 1 1 1 0 1 1 1 0 0 0 0 0 1 1 0 1 1 1 572
1 1 1 0 1 1 0 1 0 0 1 0 0 1 0 0 0 0 0 0 445
1 0 0 1 1 0 1 0 0 1 1 0 0 1 0 1 0 0 1 1 541
1 0 0 1 1 1 0 0 1 0 0 1 0 1 0 1 1 1 0 1 542
0 1 0 0 0 0 1 1 1 1 1 1 0 0 0 0 0 1 1 1 490
1 0 0 1 0 0 1 1 0 0 1 1 0 0 1 0 1 1 1 0 494
1 1 1 0 0 1 1 0 1 1 0 1 0 0 0 0 1 0 0 1 523
1 1 1 1 0 0 1 0 0 0 1 0 0 1 0 1 0 0 1 1 499
0 0 0 1 0 0 0 1 0 0 1 0 1 1 0 0 1 0 1 0 304
1 1 0 1 0 0 1 1 0 0 0 1 0 0 0 0 1 0 1 1 490
0 0 1 0 1 1 1 0 1 1 0 1 1 0 1 0 0 1 1 0 572
1 0 0 0 0 1 1 1 1 0 0 1 1 1 0 0 0 0 1 1 483
0 1 0 0 0 1 0 1 1 0 0 0 1 1 1 1 1 1 0 0 441
1 1 1 0 0 1 1 0 1 1 0 0 1 0 0 1 1 0 0 0 537
1 1 0 1 0 1 0 1 0 1 0 1 1 0 1 0 0 0 0 0 479
0 0 0 1 0 0 1 0 1 1 1 1 1 1 0 0 1 0 0 0 330
0 1 0 1 1 1 1 0 1 0 1 0 0 1 1 0 0 1 1 0 443
1 0 1 0 0 1 0 0 0 1 1 0 1 0 0 1 0 1 1 1 585
0 0 1 1 0 0 1 0 0 1 0 0 0 1 0 0 1 0 1 1 386
0 0 0 1 0 1 0 1 0 0 0 0 1 1 1 1 0 1 1 1 454
0 1 0 0 0 1 1 0 0 1 1 1 1 0 1 0 0 1 1 0 504
1 0 1 1 0 0 1 1 1 1 1 0 0 1 1 0 0 0 0 0 408
1 1 0 0 1 0 0 1 0 1 1 0 1 1 1 0 0 0 0 0 482
1 0 1 0 1 0 1 0 0 1 0 1 0 1 1 0 1 1 0 0 563
0 0 0 0 1 0 1 1 1 0 1 0 1 0 1 1 1 1 1 1 549
1 0 0 0 1 0 0 1 0 0 1 0 1 1 1 1 0 1 1 1 589
0 0 1 0 0 0 1 0 1 0 0 1 1 1 0 1 1 1 1 0 502
0 0 1 1 0 0 0 1 1 0 0 1 0 1 1 1 1 0 0 1 429
0 0 1 1 1 1 1 0 1 1 0 0 0 0 1 1 0 1 1 1 585
0 0 1 1 0 1 0 0 1 1 0 0 0 1 1 0 1 1 0 1 392
0 0 0 0 0 1 1 1 1 0 1 1 0 1 1 1 1 0 0 0 417
0 0 0 0 1 1 0 0 0 0 1 1 0 1 0 1 1 0 1 0 484
0 1 0 1 0 0 0 1 0 0 1 1 1 0 1 0 1 1 0 1 403
1 0 0 0 0 0 1 1 1 0 1 1 1 1 0 0 1 1 0 0 428
1 1 1 1 0 1 1 1 0 0 0 1 1 0 0 0 0 0 0 0 447
1 1 0 1 0 0 1 1 0 1 0 0 1 0 1 0 1 0 0 1 462
0 1 0 0 1 0 1 0 1 0 1 0 1 1 0 0 1 0 1 1 431
0 0 0 0 1 1 0 1 1 0 0 0 0 1 0 0 1 1 1 1 446
0 0 1 0 1 0 1 1 1 0 1 0 0 1 0 1 0 1 1 0 499
1 1 0 1 1 0 1 1 0 1 0 0 0 0 0 0 1 1 0 0 497
0 0 0 0 1 0 1 0 0 0 1 1 1 1 0 1 1 0 1 0 489
1 1 1 1 1 0 1 0 0 1 0 0 0 0 1 1 1 0 0 1 594
1 0 0 0 1 1 0 0 0 1 0 1 0 1 0 1 1 0 0 1 566
1 0 0 0 1 1 1 1 1 1 0 0 1 1 0 0 0 1 0 0 490
1 1 1 1 0 1 1 0 1 1 0 0 0 0 0 0 1 0 0 1 460
1 0 0 0 0 0 1 1 1 0 0 1 0 1 0 1 1 0 1 1 541
0 0 1 0 1 1 1 0 0 0 0 1 1 1 1 0 1 1 0 0 466
0 1 0 1 1 0 0 0 0 0 1 0 1 0 1 1 1 1 1 1 534
0 1 0 0 1 0 0 1 1 1 1 0 1 0 1 1 0 0 1 0 549
1 1 0 1 1 0 1 1 1 0 0 0 0 1 1 0 1 0 0 1 464
1 0 0 0 1 0 1 0 0 1 0 0 1 1 1 0 1 1 1 0 562
1 0 1 1 0 0 1 1 1 0 0 0 1 1 0 0 0 0 1 1 435
1 0 0 0 0 0 1 0 1 1 0 1 0 1 0 1 1 1 1 0 584
0 1 0 1 1 0 1 1 0 0 0 1 1 0 0 0 0 1 1 1 498
1 0 1 1 1 0 0 0 0 0 1 1 0 0 0 1 1 0 1 0 568
1 0 0 1 0 0 0 1 0 0 1 1 0 0 0 1 1 0 1 1 512
0 1 1 0 0 1 1 0 1 1 0 0 0 1 0 0 1 0 0 1 391
1 1 0 1 0 1 0 1 0 1 0 0 0 0 1 0 1 0 0 1 457
1 1 0 0 0 0 0 1 0 1 1 0 1 0 1 0 1 1 0 1 497
0 0 1 1 1 0 1 1 0 1 0 0 1 1 0 0 0 0 0 0 372
0 0 1 1 0 1 1 1 1 1 1 0 0 0 0 1 0 0 0 1 412
0 0 0 1 1 1 1 0 1 0 1 1 0 1 1 1 0 0 1 0 493
1 1 0 0 1 0 0 1 1 0 0 1 1 1 1 0 0 0 1 0 558
1 1 1 0 1 1 1 0 0 0 0 1 1 0 0 1 0 0 1 0 641
0 1 1 0 1 0 1 1 1 1 1 0 1 0 1 0 0 0 0 1 475
1 1 1 0 0 1 0 0 1 1 1 0 0 0 0 0 1 1 0 1 495
0 0 0 0 0 1 1 1 1 1 1 0 1 0 0 1 0 0 1 1 474
1 0 1 0 1 1 0 0 0 1 0 1 1 1 0 0 0 0 0 1 523
0 1 0 0 0 1 0 1 0 1 0 0 0 1 1 0 1 0 0 1 388
1 0 1 0 0 1 0 1 0 0 1 1 0 0 1 1 0 1 1 0 599
0 0 1 0 1 1 0 1 1 0 1 0 1 0 1 0 0 1 1 1 501
0 0 1 1 0 0 0 0 1 1 1 0 1 1 0 0 0 0 1 1 372
0 0 0 1 0 1 1 1 1 0 1 0 0 1 1 1 1 0 0 0 354
1 0 0 0 0 1 1 0 1 1 1 0 0 0 1 1 1 1 1 1 602
0 1 1 0 1 0 0 1 0 0 0 0 1 0 0 0 1 1 1 0 487
1 1 0 1 1 0 0 0 1 0 1 1 0 0 0 1 1 0 1 0 575
1 0 1 0 1 0 1 1 0 1 0 1 0 0 0 0 1 0 0 1 545
0 0 0 0 1 0 0 1 0 0 1 1 1 0 0 0 1 1 1 1 485
1 1 0 1 1 0 0 0 1 1 0 0 1 1 0 0 1 0 0 0 449
0 1 1 0 1 0 0 1 0 0 0 0 1 0 0 0 1 1 1 0 487
1 0 0 0 1 0 1 0 1 1 0 0 1 1 1 0 1 0 1 1 554
0 0 1 1 1 1 1 0 1 0 1 0 0 1 1 0 0 0 1 1 428
0 0 1 1 1 1 0 0 0 0 0 1 0 1 1 0 0 1 1 1 496
0 1 1 0 1 0 0 1 1 0 0 0 1 0 0 0 1 0 1 1 479
1 1 1 1 0 1 0 0 0 0 0 0 0 1 1 1 0 1 1 0 550
1 0 0 1 0 1 1 0 1 0 0 1 1 0 0 1 1 1 1 0 556
1 0 1 1 1 0 0 0 1 0 1 1 0 1 0 0 0 1 1 0 514
0 0 0 1 0 0 0 1 0 0 1 0 0 1 0 1 1 0 1 1 380
0 1 1 1 1 0 1 1 1 0 0 0 1 0 0 0 1 0 0 1 407
0 0 0 1 0 1 0 0 1 1 0 0 1 1 1 1 0 1 1 1 489
0 0 0 1 1 1 0 1 1 0 0 0 1 1 0 0 0 1 1 0 405
0 1 1 1 0 1 1 0 1 1 0 0 1 1 0 0 0 0 0 0 350
1 0 0 1 0 0 0 0 1 1 1 1 0 0 0 1 1 0 1 1 547
1 1 1 1 0 1 1 1 0 0 0 1 1 0 0 0 0 0 0 0 447
0 1 0 1 0 1 1 0 1 0 1 1 1 0 0 0 1 1 0 1 391
1 0 0 1 0 1 1 0 0 1 0 1 0 0 0 0 1 0 1 1 503
1 0 1 1 0 0 1 1 0 0 1 1 0 0 1 0 0 1 1 1 527
1 1 1 1 1 0 1 0 0 0 1 0 1 0 0 0 0 1 1 1 541
1 0 0 0 1 1 0 1 1 1 0 1 1 0 1 1 0 1 0 1 648
1 1 1 0 0 0 1 0 0 1 0 0 1 0 0 0 1 1 1 0 545
1 1 0 0 0 0 1 0 0 1 1 1 0 1 1 0 1 0 0 1 487
0 0 0 1 1 0 1 1 0 1 1 1 0 0 1 0 1 0 0 0 423
1 0 1 0 0 1 1 0 1 0 0 1 1 0 0 0 1 1 1 1 554
0 0 1 1 0 0 0 1 1 1 0 1 0 0 0 1 1 0 0 1 454
1 0 1 0 1 0 0 0 0 1 1 1 0 1 0 0 0 0 1 0 538
1 1 1 1 1 0 1 0 0 0 1 0 1 0 0 0 0 1 1 1 541
0 0 1 1 1 1 1 1 0 0 0 0 1 0 0 0 1 0 0 1 385
0 1 0 1 1 0 0 1 0 0 1 1 1 1 1 0 0 0 0 0 388
1 0 0 1 1 1 0 0 1 0 0 1 1 0 1 1 1 0 1 0 601
0 0 0 0 1 0 1 1 0 1 0 1 0 1 0 1 1 0 0 0 478
1 1 1 0 0 0 0 1 0 1 0 1 0 0 1 0 1 0 0 1 535
1 0 1 1 0 1 0 0 0 1 0 0 0 0 0 1 1 0 1 0 527
0 0 0 1 0 1 0 0 0 1 0 1 1 0 1 0 1 0 1 1 453
0 1 1 0 0 0 1 0 0 1 1 1 1 0 1 0 0 1 1 0 519
1 0 1 1 1 0 1 0 1 0 1 1 0 0 1 0 1 0 1 0 542
1 1 0 1 0 0 1 0 1 0 1 1 0 1 1 0 1 1 0 1 463
0 1 0 0 0 1 1 1 1 1 1 1 0 0 0 1 0 1 0 0 490
1 1 0 0 0 1 0 0 0 0 1 0 1 1 0 1 1 1 0 1 486
1 1 0 1 0 1 0 1 1 0 1 0 1 0 0 0 1 0 0 0 378
0 1 1 1 1 1 1 1 0 0 0 0 1 0 0 0 0 1 0 1 433
0 1 1 0 1 1 0 0 1 1 0 1 0 0 0 0 1 1 0 0 508
0 0 0 1 0 0 1 1 0 1 0 1 1 0 0 1 1 1 0 0 452
1 0 0 0 1 1 0 1 0 1 0 0 0 0 0 0 1 0 1 1 539
0 1 0 0 1 1 1 1 0 1 1 0 0 0 1 1 0 1 0 1 544
0 0 0 0 0 0 1 0 1 1 1 1 0 1 1 0 1 1 1 0 460
1 1 1 1 0 1 0 0 1 0 0 0 0 1 1 1 0 0 1 1 542
0 0 1 0 0 1 1 1 0 0 0 0 0 1 1 0 1 0 1 0 397
1 0 1 0 1 1 1 1 1 0 1 0 0 0 0 0 0 1 1 1 551
1 1 0 1 0 0 0 0 1 0 0 1 1 1 1 1 1 1 0 1 537
0 0 1 0 1 1 1 0 1 0 1 0 1 1 1 1 0 0 1 0 505
0 1 1 0 0 0 0 0 1 0 1 1 1 0 0 0 1 1 1 1 478
0 1 0 0 1 1 1 1 1 0 0 1 1 0 1 0 0 1 1 0 544
1 1 0 1 1 0 1 1 0 0 1 1 0 1 0 0 0 0 0 0 438
1 0 0 1 0 1 0 0 0 1 1 1 1 0 0 0 0 1 1 0 497
1 1 0 0 1 0 1 1 0 0 1 0 0 1 0 1 1 0 0 0 493
1 0 1 0 1 1 0 0 1 0 1 0 0 1 0 1 0 1 1 1 587
0 1 0 1 1 0 1 0 0 0 0 1 1 0 1 1 1 0 1 1 562
0 1 0 1 0 1 1 0 0 1 0 0 0 1 0 0 0 1 1 1 419
0 1 0 0 1 1 1 0 1 0 1 1 0 1 0 0 1 0 0 1 417
1 0 0 1 0 0 0 1 0 0 1 1 0 0 0 1 1 0 1 1 512
1 0 0 1 0 1 1 0 0 1 1 1 0 0 0 0 1 1 0 1 466
1 1 1 0 0 1 0 0 1 0 0 1 1 1 1 0 0 0 1 0 529
1 1 0 1 0 1 1 0 0 0 1 0 1 1 0 0 0 0 1 0 408
1 0 1 0 0 0 0 1 1 1 0 0 0 1 1 1 1 0 0 1 523
0 1 0 0 0 0 0 1 1 1 0 0 1 0 0 0 1 1 1 1 466
1 0 0 1 1 1 1 1 0 0 0 1 1 1 1 0 0 0 0 0 464
0 0 1 1 0 0 0 0 0 0 1 1 1 0 0 1 1 1 1 0 473
0 0 0 0 1 1 1 1 1 1 1 0 0 1 1 0 0 1 0 1 442
1 1 0 0 1 0 0 1 1 0 1 0 0 1 1 0 1 1 0 1 499
1 1 0 0 0 1 1 1 0 0 1 1 1 0 0 1 0 1 0 1 548
1 0 1 0 0 1 0 1 0 1 0 0 0 1 1 1 0 1 0 1 549
0 0 0 1 1 1 0 1 1 0 0 1 1 0 1 0 1 1 0 1 456
0 0 0 1 0 0 1 0 1 1 1 1 0 1 1 1 0 1 1 0 495
1 1 0 0 1 0 0 1 0 0 1 1 1 0 1 1 1 0 0 0 575
0 1 1 0 0 1 0 1 1 0 0 0 1 1 1 1 0 1 0 1 474
0 0 0 1 0 0 1 1 1 0 1 1 1 1 1 0 0 0 1 0 376
1 1 1 0 1 1 0 0 0 1 1 0 1 0 1 0 0 1 0 1 571
1 0 0 0 0 1 0 1 1 0 1 0 1 1 0 0 0 1 1 1 455
1 1 0 0 1 0 0 1 0 0 0 0 0 1 1 0 1 1 1 0 544
1 1 0 1 1 0 1 1 1 0 0 0 0 1 1 0 1 0 0 1 464
1 0 1 0 0 0 1 1 0 0 1 1 1 0 1 1 0 1 1 0 604
1 0 0 0 1 1 1 1 0 1 1 0 0 0 0 1 0 0 1 0 577
1 0 0 1 1 0 1 0 0 1 0 0 1 1 0 1 1 0 0 1 508
1 0 1 0 1 0 0 0 0 1 0 1 0 1 0 1 1 0 0 1 581
0 0 0 1 1 1 1 1 0 0 1 1 0 0 0 1 0 0 1 0 483
0 1 0 0 1 1 1 0 1 1 1 1 0 0 0 0 0 1 1 0 531
0 0 0 1 1 1 1 1 1 0 0 0 1 0 1 0 1 0 1 0 433
0 1 1 0 1 0 0 1 0 1 1 0 1 0 0 1 0 0 0 1 501
0 1 0 0 0 1 0 0 0 0 1 1 1 1 1 1 0 0 1 1 497
0 1 1 1 0 1 1 0 1 1 0 0 1 1 0 0 0 0 0 0 350
1 0 1 1 0 1 0 0 1 1 1 0 0 0 0 1 1 0 0 1 482
1 0 0 1 0 1 1 0 1 1 0 0 1 1 0 0 0 1 1 0 463
1 0 1 0 1 1 1 0 0 1 0 0 1 1 1 1 0 1 0 0 595
1 1 1 0 1 0 0 1 0 0 1 0 1 0 1 0 1 0 0 1 510
0 1 1 1 1 0 1 1 0 0 1 0 0 0 0 0 0 1 1 0 448
1 1 0 1 0 0 0 1 0 1 0 0 1 0 1 1 0 0 1 1 569
0 0 1 1 1 1 1 1 1 0 0 1 0 0 1 0 1 0 0 0 434
1 0 1 0 0 1 0 1 1 0 1 1 0 0 1 1 0 0 1 1 591
0 1 1 0 0 1 1 0 1 1 1 0 0 0 1 1 1 0 0 1 489
0 0 0 0 0 0 1 1 1 1 1 1 0 0 0 0 1 0 1 1 442
0 1 0 0 1 1 1 1 0 1 0 0 0 1 0 0 0 1 0 1 446
0 0 0 0 0 1 0 1 0 0 1 1 1 1 0 0 0 0 1 1 385
0 0 1 0 1 0 0 1 1 0 0 1 1 1 0 0 0 1 1 0 483
1 1 0 0 0 0 1 1 0 0 0 1 1 0 0 1 1 0 1 0 567
0 1 1 0 1 1 1 1 1 0 0 0 0 0 1 1 1 1 0 0 537
1 0 0 1 0 0 1 0 1 1 0 0 0 1 0 1 1 1 1 0 521
1 0 1 0 0 1 0 0 0 1 1 0 1 0 0 1 0 1 1 1 585
0 0 0 0 0 1 1 0 0 1 1 1 0 1 0 0 1 1 0 1 397
1 1 1 0 1 1 1 1 1 1 0 0 0 0 1 0 0 1 0 0 576
0 0 0 1 0 0 0 1 1 1 1 0 1 0 0 1 1 1 0 1 416
0 0 1 1 0 0 1 0 1 1 0 1 1 1 1 1 0 1 0 1 495
0 0 0 1 1 1 0 1 0 1 1 0 0 0 1 0 0 0 1 1 450
0 1 1 1 0 1 0 0 1 0 0 0 1 0 0 1 1 0 1 0 452
0 0 0 0 1 1 0 1 0 1 0 0 0 1 0 1 0 0 1 1 505
1 0 0 1 1 0 1 0 0 1 0 0 1 1 0 1 1 0 0 1 508
1 0 0 0 1 1 0 0 1 1 1 0 0 1 1 0 1 1 0 1 512
0 0 1 0 1 1 1 0 0 0 0 1 1 1 1 0 1 1 0 0 466
0 1 0 1 0 0 1 1 1 1 0 1 1 0 0 1 0 1 0 1 492
1 0 1 0 1 0 0 1 0 0 0 0 0 1 1 0 1 0 1 1 529
0 1 0 1 0 0 1 0 1 1 1 1 1 0 1 1 0 0 1 0 513
1 1 0 1 1 0 1 0 0 0 1 1 1 0 0 1 0 1 1 0 606
1 0 1 0 1 0 0 1 0 0 1 1 0 1 1 1 0 1 0 1 590
0 0 1 1 0 0 0 0 1 1 1 0 1 1 0 0 0 0 1 1 372
0 0 1 0 0 0 1 0 0 1 1 0 1 1 0 1 1 1 0 0 426
0 1 0 1 0 0 0 0 1 1 0 1 1 0 1 0 1 0 1 1 475
1 0 1 0 0 0 0 0 0 1 1 0 1 0 0 1 1 1 1 0 567
1 0 1 1 1 0 1 0 1 0 1 1 0 0 1 0 1 0 1 0 542
1 0 0 1 0 0 1 1 0 1 1 0 1 1 0 1 0 0 0 0 424
0 0 1 1 0 0 1 0 0 1 0 1 0 1 0 1 0 0 1 1 484
1 1 0 1 1 0 1 1 1 1 0 1 1 0 0 0 0 0 0 0 511
1 1 1 0 0 0 1 1 0 0 1 1 1 0 0 1 0 1 0 1 563
0 0 0 0 0 1 1 0 0 1 1 1 0 1 0 0 1 1 0 1 397
1 0 0 0 1 0 0 0 0 1 1 1 1 0 1 0 1 0 1 1 588
1 1 1 1 1 0 0 0 0 1 0 1 0 0 1 0 0 0 1 1 611
0 0 0 0 1 1 1 1 1 1 0 0 0 1 1 0 0 0 1 1 479
1 1 1 0 0 0 0 1 0 1 0 1 0 0 1 0 1 0 0 1 535
1 0 0 1 0 1 1 0 0 1 0 0 1 0 0 1 1 0 1 0 517
0 0 1 0 0 1 1 1 1 1 0 0 0 0 1 1 1 1 0 1 509
1 0 0 1 0 0 0 1 1 0 0 1 1 0 1 1 1 0 1 1 560
1 1 1 0 1 1 1 1 1 1 0 0 0 0 1 0 0 1 0 0 576
1 0 1 0 0 1 1 0 0 0 0 0 1 1 1 0 1 0 1 1 490
1 1 0 0 0 1 1 1 0 0 0 1 1 0 0 1 0 0 1 1 585
0 0 0 1 0 0 1 1 0 0 1 1 0 1 0 1 1 0 0 1 371
1 1 1 1 0 0 0 1 0 0 1 0 0 0 0 1 1 1 0 0 477
1 0 1 1 1 1 0 0 1 0 1 0 1 0 1 0 1 1 0 1 499
0 0 1 1 1 0 0 1 1 0 1 1 0 0 1 0 0 1 1 1 504
1 1 1 0 0 0 1 1 0 0 0 0 1 0 0 0 1 0 1 1 502
0 0 1 0 1 0 1 1 0 1 0 0 0 1 1 0 0 1 1 0 502
0 0 1 1 1 1 1 1 0 0 0 0 1 0 0 0 1 0 0 1 385
1 1 0 0 0 0 0 1 1 1 1 1 0 1 0 1 0 0 0 0 504
1 1 0 0 0 0 1 1 1 0 0 0 0 1 0 0 1 1 1 1 491
0 1 0 1 1 1 1 0 1 0 0 0 1 1 1 0 1 1 0 0 410
1 0 0 1 1 0 1 0 0 1 1 1 1 0 1 0 1 0 0 1 516
1 0 1 0 0 1 0 0 0 0 1 0 1 1 1 1 0 1 1 1 560
1 1 0 0 1 1 1 0 1 0 0 1 0 1 0 1 0 1 1 0 630
0 0 1 0 0 1 1 0 0 1 0 1 0 1 0 1 1 0 0 0 449
0 0 0 1 1 0 1 0 1 0 1 1 1 1 1 0 1 1 0 1 423
0 1 0 1 1 1 1 0 1 0 1 0 0 1 0 0 1 0 0 1 354
0 0 1 1 0 0 1 0 1 1 0 1 1 1 1 1 0 1 0 1 495
1 1 0 1 0 1 1 1 0 1 1 0 0 0 1 1 0 0 0 0 495
0 1 1 1 0 1 0 0 0 1 1 1 0 0 0 1 0 0 0 1 460
1 0 0 1 1 0 1 1 1 1 1 1 0 0 1 1 0 1 0 0 591
1 0 1 1 0 0 0 1 1 1 0 1 0 1 1 0 0 0 0 1 468
0 0 1 0 1 1 1 0 0 0 0 1 1 1 1 0 1 1 0 0 466
1 1 1 0 0 1 1 1 0 0 1 0 0 0 0 1 0 0 1 0 535
0 0 0 1 1 1 1 0 1 0 1 1 0 1 1 1 0 0 1 0 493
1 1 1 0 0 1 0 0 1 1 0 1 0 0 0 1 0 0 1 1 630
0 1 1 1 0 0 0 0 0 1 1 1 0 0 0 1 1 0 0 0 442
1 0 0 1 0 1 0 1 1 0 0 1 0 1 0 1 0 0 1 0 495
0 1 1 0 0 1 1 1 1 0 0 0 0 1 1 0 0 0 1 1 437
1 1 1 0 0 1 1 1 1 0 1 0 1 0 1 1 0 1 0 0 546
1 0 0 1 0 1 1 0 0 0 1 1 0 1 1 0 1 1 0 1 441
1 1 0 0 1 0 1 1 1 1 0 1 0 0 0 0 1 0 0 1 552
1 1 1 1 0 1 0 0 1 1 1 0 0 0 0 1 0 1 0 1 530
0 1 0 1 1 0 1 1 1 1 0 0 0 1 0 1 0 0 0 1 455
1 0 0 0 1 0 1 0 1 1 1 1 1 1 1 1 0 1 0 1 615
1 0 1 0 1 1 0 0 1 0 1 0 0 1 0 1 0 1 1 1 587
0 1 1 1 0 0 0 0 0 0 1 0 1 1 1 1 0 0 1 1 449
1 1 0 1 1 0 1 0 0 1 1 1 1 0 1 0 0 1 0 1 564
1 1 0 0 0 1 0 1 1 0 1 1 0 0 0 1 1 0 0 1 517
1 0 1 0 0 1 1 0 0 0 0 1 1 1 1 1 0 0 1 1 588
1 0 1 1 1 0 0 0 0 1 0 0 0 1 1 1 0 1 1 0 607
0 0 0 0 1 1 1 1 0 1 1 1 1 0 1 1 0 0 0 0 518
0 1 0 1 1 1 0 1 0 0 0 0 1 0 0 1 0 1 1 0 507
0 0 0 0 1 1 0 1 0 1 1 0 0 1 0 1 0 1 0 1 468
1 0 0 1 0 1 0 1 1 0 1 0 0 0 1 1 1 0 1 0 495
1 1 0 1 0 0 1 0 1 0 1 1 0 1 1 0 1 1 0 1 463
0 0 1 1 1 0 0 0 1 1 1 0 1 0 0 1 1 1 0 0 472
0 1 1 0 1 0 0 1 0 0 0 1 1 0 0 1 0 1 1 0 585
0 1 0 1 1 0 0 0 0 1 0 0 0 1 1 0 1 0 1 0 446
0 0 1 0 0 1 0 1 0 0 1 0 1 1 0 0 1 0 0 0 302
1 0 1 0 1 0 0 0 0 1 0 1 0 1 1 1 0 1 1 0 670
1 0 1 0 1 0 1 1 0 1 0 0 1 0 0 1 1 0 0 0 559
0 0 1 1 1 0 1 1 0 1 0 0 1 1 0 0 0 0 0 0 372
0 0 1 0 1 0 1 1 0 1 1 1 1 0 1 1 0 0 0 0 533
1 0 0 1 0 1 1 0 0 0 1 0 1 1 1 1 1 1 0 0 455
1 0 1 1 1 0 0 0 1 0 0 1 1 1 0 0 1 1 0 0 481
0 0 1 0 1 0 1 0 0 0 1 0 1 1 0 0 1 0 1 1 424
1 1 0 0 1 0 0 1 0 1 0 1 0 0 0 1 0 1 1 0 667
0 1 1 1 0 0 0 0 1 1 0 1 0 1 0 0 0 0 1 0 425
0 0 0 0 1 1 0 1 0 1 1 1 0 0 1 0 0 0 1 1 513
1 1 1 1 1 0 0 1 1 0 0 1 0 1 1 0 0 0 0 0 496
0 0 0 0 1 1 0 1 1 0 0 1 1 1 0 0 0 1 1 0 468
1 1 1 0 0 1 1 0 1 0 0 0 1 1 1 1 1 0 0 0 512
1 1 0 0 1 0 0 0 0 1 0 0 1 1 0 1 0 1 1 1 628
1 0 0 1 1 1 0 0 0 1 1 0 1 0 1 1 1 0 0 0 525
0 1 1 0 1 1 0 0 0 0 0 0 1 0 1 1 1 0 1 1 569
0 0 0 0 1 0 0 1 1 1 0 1 0 1 1 0 1 1 0 1 484
0 0 1 0 1 0 1 1 0 0 1 1 0 0 0 0 1 0 1 0 463
1 0 1 0 0 0 1 1 0 0 0 0 0 1 0 0 1 1 1 1 484
1 1 0 0 0 1 0 0 1 0 1 0 1 1 1 1 0 1 1 1 567
0 0 1 1 0 1 0 1 1 0 0 1 1 1 1 0 0 0 0 1 371
1 1 1 0 1 0 1 0 0 1 0 1 1 0 1 0 1 0 0 0 581
1 0 0 1 1 1 0 0 1 1 0 0 1 1 1 0 0 0 1 0 508
0 0 0 1 1 1 0 1 0 1 0 0 1 0 1 0 1 0 0 1 417
0 0 1 1 0 0 0 0 1 1 1 1 0 1 0 0 1 0 0 0 340
0 0 0 0 0 1 0 1 0 0 0 0 1 1 1 0 1 1 1 1 419
0 1 1 1 0 0 1 0 0 1 1 1 1 0 0 1 0 0 0 1 465
1 1 1 1 0 0 1 0 0 0 1 0 1 1 0 0 0 0 1 0 423
0 0 0 1 1 1 0 1 1 0 1 1 0 0 1 0 0 1 1 1 489
0 0 0 1 0 1 1 1 0 1 1 0 0 0 0 0 0 1 1 1 405
0 0 1 0 1 1 0 0 1 1 1 0 1 0 0 0 1 1 0 1 455
1 0 0 0 1 0 1 1 0 1 0 1 1 0 0 1 0 0 1 1 642
1 1 0 1 1 0 1 0 0 0 1 0 1 0 0 0 1 1 1 0 508
0 1 1 1 0 1 1 0 0 1 1 1 0 0 1 0 0 1 0 0 442
1 0 1 0 1 0 0 0 0 1 0 0 0 1 1 0 1 1 1 0 572
1 1 1 0 1 0 1 1 1 0 0 0 1 1 1 1 0 0 0 1 574
0 1 0 1 0 1 0 0 0 0 1 1 0 1 1 1 1 0 0 0 402
1 0 1 1 0 1 0 0 1 0 1 0 0 1 1 1 1 0 0 1 457
1 0 0 1 1 0 0 1 1 0 1 0 0 1 1 1 1 0 0 1 486
0 1 1 1 1 0 1 1 0 0 0 0 0 0 0 1 1 1 0 1 491
1 1 1 1 1 0 1 0 1 0 1 1 0 0 1 0 0 1 1 0 590
0 0 1 0 1 0 1 1 0 1 0 0 0 1 1 0 0 1 1 0 502
1 1 0 1 0 0 0 1 0 1 0 0 1 0 1 1 0 0 1 1 569
0 0 1 0 0 1 0 1 1 0 1 0 1 1 1 0 0 0 1 0 383
0 0 0 1 0 0 1 1 0 1 1 1 0 0 0 1 0 1 1 0 485
0 0 1 1 1 1 0 0 0 1 0 0 1 0 0 1 0 1 1 0 535
1 0 0 1 0 0 1 1 0 1 1 0 1 1 0 1 0 0 0 0 424
0 0 0 1 1 1 1 1 0 0 1 0 0 0 0 0 1 0 1 0 385
0 0 1 1 1 0 0 0 1 0 1 1 0 1 1 0 1 1 0 1 433
0 1 0 1 1 0 1 0 0 0 1 0 1 1 0 1 0 1 1 0 474
0 0 1 0 1 1 0 1 0 1 1 0 0 0 1 0 1 0 0 0 430
1 1 0 0 0 0 1 1 1 1 0 0 1 1 1 1 0 1 0 1 561
1 1 1 1 0 1 1 1 0 0 0 1 1 0 0 0 0 0 0 0 447
1 0 0 0 1 1 0 0 1 1 0 1 1 1 1 0 0 0 1 0 571
1 1 1 0 1 1 1 0 1 0 0 0 1 0 1 1 1 1 0 1 630
1 0 0 1 0 0 1 1 0 1 0 1 0 1 1 1 0 1 0 1 542
0 1 1 0 1 0 0 1 1 0 1 0 1 0 0 0 1 1 0 1 442
0 0 1 1 1 0 1 1 1 0 0 0 1 0 1 0 1 0 1 0 448
0 1 1 0 1 0 1 0 1 0 0 1 0 1 1 1 1 1 0 1 564
0 1 0 1 1 0 0 1 0 1 1 0 0 0 0 0 1 0 0 1 391
1 0 0 1 0 0 1 0 1 1 1 1 0 0 1 0 1 1 1 0 529
0 1 1 0 1 1 0 1 0 1 1 0 0 0 1 0 0 1 0 0 478
1 1 0 1 0 0 1 0 1 1 1 0 1 0 0 1 1 1 0 0 502
0 0 0 1 0 1 0 1 0 0 0 1 0 1 1 1 1 1 0 0 422
1 0 1 1 1 1 0 0 0 0 0 1 1 0 0 1 1 0 0 1 553
1 1 1 0 0 0 0 0 1 1 1 0 1 0 0 1 0 1 1 1 607
1 1 0 0 0 1 1 1 0 1 0 1 0 1 0 0 0 0 0 0 460
1 0 1 1 1 0 0 0 1 1 1 0 0 1 1 1 0 1 0 1 562
0 1 0 0 0 1 0 0 0 1 1 0 1 0 0 0 1 0 1 1 424
0 0 1 0 1 0 0 1 1 0 0 1 1 1 0 0 0 1 1 0 483
1 1 0 1 0 0 1 0 0 1 1 0 0 1 1 0 1 0 0 1 424
1 1 1 0 0 0 1 1 0 1 1 0 0 0 1 0 1 0 0 0 475
1 1 1 0 1 1 1 0 1 0 1 0 1 0 0 0 1 0 0 1 498
1 1 0 1 1 1 1 0 0 1 0 0 0 0 1 1 1 0 0 1 579
1 0 0 0 1 1 1 0 1 0 1 1 0 1 0 1 1 1 0 0 545
0 1 0 1 1 1 1 0 1 1 1 0 0 0 0 0 0 1 1 0 468
0 0 0 0 1 1 0 1 0 1 1 0 1 0 1 1 0 0 1 0 527
0 0 0 1 0 1 1 0 0 1 1 0 0 1 0 0 1 1 0 1 334
1 0 0 0 1 0 0 0 0 1 1 0 1 1 0 1 1 1 0 1 543
0 1 0 0 1 1 0 0 0 1 0 0 1 1 1 1 0 0 1 0 541
1 0 0 1 0 0 0 0 1 0 1 1 0 1 1 1 1 0 1 1 522
0 1 0 0 1 1 0 1 1 0 0 1 1 0 0 1 0 0 1 1 562
1 0 0 1 1 1 0 0 0 1 0 1 1 1 0 1 0 0 0 0 525
1 1 1 1 1 1 1 0 1 0 1 0 1 0 0 1 0 0 0 1 533
1 0 0 1 0 0 1 1 0 1 0 0 0 1 1 0 1 1 0 1 444
0 0 0 1 1 0 0 1 1 1 0 0 0 1 1 0 1 1 0 1 421
1 0 1 1 1 0 0 0 0 1 0 0 0 1 1 1 0 1 1 0 607
0 0 0 1 0 1 1 1 0 0 1 0 0 1 1 0 0 1 1 1 380
1 0 1 0 1 0 0 0 0 1 0 1 0 1 1 1 0 1 1 0 670
0 1 0 0 1 1 1 0 0 0 0 1 0 1 0 0 1 0 1 0 462
1 1 0 0 0 1 1 0 0 0 0 1 1 1 1 1 0 1 1 0 603
0 0 0 1 1 1 1 1 0 0 0 1 1 0 0 1 1 0 0 0 450
0 1 1 1 1 0 1 0 0 1 0 0 1 1 1 1 0 0 0 0 484
1 0 1 0 1 1 1 1 1 1 0 1 0 0 1 1 0 0 0 0 626
0 0 0 1 0 1 0 0 1 1 1 1 0 1 0 0 1 0 0 0 325
1 0 1 0 1 1 0 0 0 1 0 1 1 1 0 0 0 0 0 1 523
1 1 1 1 0 0 1 1 0 0 1 0 1 0 0 1 0 1 0 1 500
0 0 0 1 1 0 0 1 1 1 1 0 1 1 0 1 0 0 0 0 401
0 0 1 0 1 0 0 1 0 1 0 0 1 1 0 0 0 0 1 0 444
1 1 0 1 0 0 0 0 1 0 1 0 0 1 1 0 1 1 1 1 472
0 0 0 0 0 1 1 0 0 1 0 0 1 1 0 1 1 0 1 0 448
1 0 0 0 0 0 0 1 0 1 0 1 0 1 1 1 0 1 1 1 614
1 1 1 0 0 1 0 1 0 0 0 1 1 0 0 0 0 0 1 0 519
0 1 0 1 0 0 0 1 0 0 1 0 1 1 0 0 0 1 1 0 352
0 1 0 1 1 0 0 0 1 1 0 1 0 0 0 0 1 1 1 0 510
1 0 0 1 1 0 0 0 0 1 1 1 1 1 0 0 0 1 0 1 488
0 0 1 0 1 0 1 1 0 1 1 0 1 0 1 0 1 0 0 0 435
1 0 0 0 0 0 1 1 1 0 0 1 0 1 0 1 1 0 1 1 541
0 1 1 0 0 1 1 0 1 1 1 1 1 0 1 1 0 0 0 0 511
0 1 1 0 1 0 0 0 1 0 0 0 1 1 1 0 1 1 1 0 497
1 1 0 0 1 0 0 1 1 1 1 1 1 0 0 0 0 1 0 0 546
1 0 1 1 0 1 0 1 1 0 1 0 0 0 1 1 0 0 1 1 528
0 1 1 0 0 0 1 1 1 1 1 1 0 0 0 1 0 1 0 0 505
1 1 0 1 0 0 0 0 0 0 1 1 1 1 0 0 1 1 0 0 413
1 1 0 0 0 0 0 0 1 1 1 0 1 0 0 1 1 1 1 0 574
1 1 0 1 1 0 0 0 0 1 0 1 0 0 1 0 1 0 1 0 578
0 0 1 1 1 1 0 0 1 1 0 0 1 0 0 1 0 0 1 1 527
0 0 1 1 0 1 1 0 0 0 1 1 1 0 0 0 1 1 0 1 384
1 0 0 0 1 1 0 1 0 0 1 1 1 1 1 0 0 1 0 0 499
1 0 1 1 0 0 1 0 1 1 0 0 0 1 0 1 0 1 1 1 554
1 0 0 0 1 1 0 1 0 0 0 1 0 1 1 1 0 0 1 1 612
1 0 1 0 1 0 0 0 1 0 1 0 0 1 0 1 1 1 1 0 569
0 1 1 1 1 0 0 0 1 0 1 0 1 1 0 0 0 0 1 0 400
1 0 0 1 1 1 1 0 1 1 0 1 1 1 1 0 0 0 0 0 499
0 0 1 0 1 0 0 1 1 0 1 1 1 0 0 1 1 0 0 1 492
0 1 0 0 0 1 0 1 1 0 0 0 1 1 1 1 1 1 0 0 441
0 1 1 0 0 0 0 1 0 0 1 1 0 0 1 0 1 0 1 0 453
1 0 0 1 1 1 0 1 1 0 0 1 1 0 0 0 0 1 1 0 537
0 0 0 0 0 0 0 1 1 1 1 1 1 0 0 1 1 1 0 1 479
0 0 1 0 0 0 1 1 1 1 1 0 1 0 0 1 0 0 1 1 489
0 0 0 1 1 0 1 0 1 0 0 1 1 1 1 0 1 0 1 1 460
1 0 0 0 1 0 1 0 0 1 0 0 0 1 1 1 1 1 1 1 638
1 1 1 0 1 1 1 0 1 0 1 0 1 0 0 0 1 0 0 1 498
1 0 1 1 1 1 1 1 1 1 0 0 0 0 1 1 0 0 0 0 563
1 1 0 0 1 0 1 0 0 1 1 0 0 1 0 0 0 1 1 1 554
0 0 0 0 1 1 0 1 0 1 1 0 0 1 0 1 0 1 0 1 468
0 1 0 0 1 1 1 1 0 0 0 1 0 0 0 1 1 1 0 1 539
0 1 0 0 1 0 0 1 1 1 0 1 1 0 1 0 1 0 0 1 502
0 1 1 1 1 0 0 0 1 1 0 1 0 0 0 0 0 1 1 1 543
1 1 1 0 1 1 0 0 1 1 0 0 0 1 1 1 0 1 0 0 612
0 1 1 1 1 0 0 0 0 0 1 1 1 0 1 0 1 1 0 0 459
0 1 1 1 1 0 1 0 1 1 0 0 1 0 0 0 1 1 0 0 450
1 0 1 0 0 1 1 1 1 1 0 0 0 0 0 1 0 1 1 0 590
1 1 1 0 1 0 1 0 1 1 0 1 0 1 1 0 0 1 0 1 603
0 0 0 1 0 1 0 0 0 1 0 1 1 0 1 0 1 0 1 1 453
0 0 1 0 0 1 1 1 1 1 0 0 0 0 1 1 1 1 0 1 509
0 0 1 0 0 1 0 0 1 1 1 0 0 1 0 1 1 0 0 1 413
0 1 1 1 1 0 0 1 1 0 0 1 0 0 0 1 1 0 0 0 482
0 1 1 0 0 1 0 1 0 0 0 0 1 1 0 0 0 0 1 0 387
0 0 0 1 1 0 1 0 0 1 0 1 0 0 0 1 1 1 1 1 569
1 1 0 1 1 0 0 0 0 1 1 1 0 0 1 0 1 1 0 0 541
1 1 1 0 0 1 0 0 1 1 0 0 0 0 0 0 1 0 1 1 532
0 1 1 1 1 0 0 0 1 0 1 1 1 0 1 0 1 0 0 1 451
0 0 1 1 1 0 0 1 0 1 1 0 0 0 1 0 0 0 1 1 465
1 0 0 0 0 1 1 1 0 0 0 1 0 1 0 1 0 1 1 1 567
1 0 1 0 1 0 1 1 1 1 1 1 0 0 1 0 0 1 0 1 589
1 1 1 1 0 0 1 0 0 1 0 0 1 0 0 1 0 1 1 0 580
1 1 0 1 1 0 0 0 0 1 1 1 0 0 1 0 1 1 0 0 541
0 0 1 0 0 1 1 0 0 1 1 1 1 0 1 0 0 0 1 1 489
1 1 0 0 1 0 1 0 1 0 1 1 1 0 0 0 1 0 1 1 563
1 1 0 0 0 1 0 1 0 1 0 0 0 1 0 0 0 0 1 0 469
0 1 0 0 1 0 0 1 1 1 0 1 1 0 1 0 1 0 0 1 502
1 1 1 1 0 0 0 0 1 1 1 0 0 0 0 1 1 1 0 0 512
0 0 1 1 1 0 0 0 1 0 0 0 1 1 1 1 1 0 1 0 484
0 0 1 0 1 1 1 0 1 1 0 0 0 0 1 0 1 1 1 1 550
1 0 0 1 1 1 0 0 0 1 1 0 1 0 1 1 1 0 0 0 525
0 0 1 0 0 1 1 1 0 1 0 0 0 0 0 0 1 0 1 0 422
1 1 0 1 0 0 0 0 0 1 1 0 0 1 1 1 0 0 1 1 531
0 1 0 1 1 0 0 1 0 0 1 1 1 1 1 0 0 0 0 0 388
1 0 1 1 1 0 1 1 1 1 0 0 0 0 1 0 0 0 1 1 563
0 1 0 1 0 0 0 0 0 0 1 0 1 1 1 1 1 0 1 0 416
0 1 0 0 1 0 0 0 0 1 1 1 0 1 1 0 1 1 0 0 472
0 1 1 1 0 1 0 0 0 1 1 0 0 0 0 0 1 0 0 1 362
0 1 0 0 1 1 1 1 1 0 0 1 1 0 0 0 1 0 0 1 455
1 1 0 1 0 0 1 1 0 1 0 1 1 0 1 1 0 0 0 1 560
1 1 1 0 0 0 1 1 1 0 0 0 0 1 0 1 1 1 0 0 506
***Best solution***
1 1 1 0 1 0 0 0 0 1 0 1 1 0 1 1 0 0 1 0 688
Total time -- 951
