0 0 1 1 0 1 0 1 1 1 0 1 1 0 0 0 0 0 0 1 396
1 0 0 0 1 0 1 1 0 1 1 0 1 0 0 0 1 1 0 1 507
0 1 0 1 0 0 0 0 0 1 1 0 1 0 0 1 1 0 1 0 441
0 1 0 0 1 1 0 0 1 1 0 0 0 0 0 1 1 1 1 1 583
0 1 1 0 1 0 1 1 1 0 0 1 1 0 1 0 0 1 1 0 559
1 0 1 1 0 1 1 1 0 0 0 1 0 1 0 0 0 1 0 0 429
0 0 0 0 0 0 0 0 0 1 1 1 0 1 0 1 1 1 1 0 486
0 0 0 0 0 1 0 0 0 1 0 1 1 1 0 1 1 1 0 1 471
0 1 1 1 0 0 0 0 1 0 1 0 1 0 0 0 1 1 1 1 415
0 1 1 0 0 1 1 0 1 1 0 1 0 1 0 1 0 0 0 1 489
0 1 0 0 1 1 0 1 1 0 0 1 1 0 0 1 0 0 1 1 562
0 1 0 1 1 0 0 0 0 1 0 1 0 1 1 1 0 0 1 0 544
0 0 0 0 0 1 1 0 1 1 1 0 1 1 1 1 0 1 1 0 492
0 1 1 0 0 1 1 0 1 1 1 0 0 0 1 1 1 0 0 1 489
1 1 0 0 0 1 0 0 1 1 0 1 0 0 0 1 1 0 1 0 597
0 0 0 0 1 0 0 1 0 1 1 0 0 1 0 1 1 1 0 0 450
1 1 1 1 0 0 1 1 0 1 1 0 0 0 1 1 0 0 0 0 510
0 0 1 0 0 0 1 0 1 1 0 1 1 1 1 0 1 1 0 1 460
1 1 1 1 1 0 0 0 0 1 0 0 1 1 0 0 0 1 0 0 490
1 1 1 0 0 0 1 0 1 0 0 0 1 1 1 0 1 0 1 1 512
***Best solution***
1 1 0 0 0 1 0 0 1 1 0 1 0 0 0 1 1 0 1 0 597
Total time -- 30
