0 1 1 0 0 1 0 1 0 0 0 1 1 0 0 1 1 1 1 0 1 1 1 1 0 1 0 1 0 0 1 1 0 0 0 1 1 0 1 0 1 0 1 1 0 0 1 1 0 0 0 0 1 1 0 0 1 0 1 0 0 1 0 0 0 1 1 0 0 0 1 0 0 0 0 1 1 0 0 0 0 0 1 1 1 0 1 1 0 0 1 1 1 1 0 0 0 1 0 1 1 0 0 1 1 1 0 0 1 1 1 1 0 0 0 0 1 0 1 1 0 1 1 1 1 1 0 1 1 1 0 1 1 0 1 1 0 0 0 0 1 1 0 0 1 1 0 1 1 0 0 0 0 0 1 1 0 1 0 0 0 1 0 1 0 1 0 1 0 1 0 0 1 1 0 0 0 1 1 0 0 1 0 1 1 0 1 0 1 0 0 0 0 0 0 0 0 1 0 1 131648
1 0 0 1 1 0 1 0 0 0 0 1 0 1 0 1 1 1 0 1 0 1 1 1 1 1 0 1 1 0 0 0 0 0 0 0 0 0 1 1 1 1 1 1 0 1 1 0 0 1 0 1 1 0 1 0 0 1 1 1 0 1 1 0 0 0 1 0 0 1 0 1 1 1 1 0 1 0 0 1 0 1 1 0 1 0 1 1 0 1 1 1 1 0 0 0 0 1 0 1 1 0 0 0 0 1 1 0 1 0 1 1 0 0 1 0 0 1 0 0 1 1 1 0 0 1 0 1 0 1 1 1 1 1 1 1 1 1 1 1 0 1 1 1 1 1 0 1 0 0 1 1 0 0 0 0 0 1 1 0 0 1 0 0 0 1 1 0 0 1 0 0 0 0 0 1 0 0 0 0 0 1 1 0 0 0 1 0 1 0 0 1 1 0 1 1 0 1 0 1 131748
0 0 1 0 0 0 1 1 0 1 1 1 0 0 1 1 1 0 0 0 0 1 0 1 0 0 0 0 1 0 0 0 0 1 0 1 0 1 0 1 0 1 0 1 1 1 0 1 0 0 0 1 1 1 1 1 1 0 0 1 0 1 0 0 1 1 1 1 1 0 1 0 1 1 1 1 1 0 0 0 0 0 1 0 1 1 1 1 1 1 0 1 1 1 1 0 0 0 0 0 0 1 0 0 0 0 0 0 1 1 1 1 0 1 0 1 0 1 1 0 1 0 0 0 0 1 0 1 0 1 1 1 1 1 1 0 1 0 1 1 1 1 1 1 1 0 0 0 0 0 0 1 1 0 1 0 1 0 0 1 0 0 0 1 1 0 1 0 0 0 1 1 1 0 1 0 0 0 0 0 0 1 0 0 1 0 1 1 0 1 1 1 1 0 1 1 0 0 0 0 132248
0 0 1 1 1 1 0 1 1 0 1 1 1 0 1 0 1 1 1 0 0 0 0 0 1 1 0 1 1 0 1 1 1 0 0 0 1 1 1 0 1 0 0 0 1 1 1 1 0 0 1 0 1 0 1 0 0 0 1 0 1 0 1 0 0 1 0 0 1 1 1 1 1 1 0 1 0 1 0 1 1 0 1 0 0 1 0 1 0 1 1 0 0 1 0 1 0 0 1 1 0 0 1 1 1 0 0 0 1 1 0 0 0 1 0 0 1 1 0 0 1 0 0 0 0 0 0 1 0 1 1 0 0 0 0 0 1 0 0 0 1 1 1 0 1 0 1 0 1 1 1 1 1 0 0 0 0 0 0 1 1 1 0 1 0 1 1 0 1 0 1 0 1 0 1 1 1 0 1 0 1 1 1 0 1 1 1 0 1 0 0 0 1 1 1 0 0 0 0 1 131648
1 1 0 0 0 0 1 0 0 0 0 0 0 1 1 0 1 1 0 1 1 0 1 0 0 1 0 0 0 1 1 0 1 1 0 0 0 0 1 1 1 1 1 1 1 0 1 1 1 1 0 1 1 0 0 1 1 0 0 1 0 0 1 1 0 1 1 1 1 1 1 0 1 1 0 1 0 1 0 0 1 1 1 1 0 0 1 0 0 1 0 1 0 1 0 0 1 0 0 1 1 0 1 1 0 1 0 1 0 0 1 0 0 0 0 0 1 0 1 0 1 0 0 0 0 0 0 0 1 0 1 1 1 1 0 0 1 1 0 1 0 0 0 1 1 0 1 1 0 1 1 0 0 1 1 0 1 0 0 0 1 1 0 0 1 0 1 0 1 0 1 0 1 1 1 0 0 0 0 0 0 0 0 0 1 1 0 0 1 1 1 1 0 1 0 1 1 1 1 0 132148
1 1 0 1 0 0 1 1 1 1 1 0 1 0 0 1 0 1 0 1 1 0 1 1 0 1 0 0 1 1 1 0 1 0 0 0 1 1 1 0 1 0 0 1 0 1 1 1 1 1 0 1 0 1 1 1 1 1 0 1 0 0 1 1 0 1 1 1 1 0 1 1 1 0 1 0 0 1 0 1 1 1 1 1 0 1 0 1 0 1 1 0 1 0 1 1 0 1 0 0 0 0 1 0 1 1 0 1 0 1 0 1 0 0 1 0 0 1 1 0 0 1 1 1 1 1 1 0 1 1 1 1 0 1 1 0 1 0 0 0 0 0 0 0 0 0 0 1 1 1 0 1 1 1 1 0 1 0 0 1 0 1 0 1 1 0 0 1 1 0 0 1 1 0 1 1 1 1 0 0 1 1 0 0 1 0 0 1 0 0 1 1 0 0 1 0 0 0 0 0 132348
0 0 1 0 0 0 1 0 0 1 1 1 0 1 0 0 0 0 0 1 0 1 1 0 1 1 1 0 0 0 1 0 0 1 1 0 0 1 1 1 0 0 0 0 1 1 0 1 1 1 0 1 1 1 1 1 1 0 0 1 0 0 0 1 1 1 0 1 1 1 0 1 1 0 0 1 1 1 1 0 0 0 0 0 0 1 1 1 0 1 1 0 1 0 0 0 1 1 0 1 1 0 1 0 0 0 1 0 1 0 0 1 0 1 1 1 0 0 0 1 0 1 0 1 1 0 0 1 0 1 1 0 1 0 1 1 0 0 0 0 1 0 1 0 1 1 0 0 0 0 0 1 0 1 0 1 1 1 1 0 1 1 0 0 0 1 1 1 1 0 0 0 0 0 1 0 0 1 1 1 0 0 1 1 1 1 0 1 0 0 0 1 0 0 1 1 0 0 1 1 131148
0 0 1 1 1 1 1 1 1 0 1 1 0 0 1 1 0 0 1 1 1 1 0 0 1 0 1 1 1 1 1 1 0 0 1 0 1 0 1 1 0 0 0 0 1 0 1 1 0 1 1 1 0 0 1 1 1 0 1 0 1 1 1 0 1 0 1 1 1 0 1 1 1 0 1 0 1 1 0 1 1 0 0 0 0 1 0 1 0 1 0 1 1 1 0 0 0 0 0 1 1 1 0 0 1 0 1 0 0 1 0 0 1 1 1 1 0 0 0 0 1 0 0 1 0 1 0 1 1 1 0 1 1 1 0 0 1 1 0 0 0 0 0 1 0 1 1 0 0 0 1 0 1 0 0 1 1 1 1 0 0 0 1 1 0 0 0 0 0 0 0 0 0 1 1 0 0 0 0 0 0 0 1 1 1 1 1 1 1 0 1 0 1 0 0 0 1 0 0 0 132148
0 0 0 1 1 0 1 1 0 0 0 0 0 1 1 1 1 0 1 1 0 0 0 0 1 0 0 0 0 0 0 0 0 1 0 0 1 0 0 1 1 1 1 1 0 1 0 1 1 1 1 1 0 0 0 1 1 1 0 1 0 0 1 0 0 0 0 0 0 1 1 1 0 0 0 1 1 1 0 1 0 1 1 0 1 1 1 0 1 1 1 0 0 1 0 0 1 0 0 1 0 1 1 0 1 1 0 1 1 1 0 1 1 0 0 1 1 0 0 1 0 1 0 1 1 1 1 1 0 1 0 0 0 0 1 1 0 1 1 1 1 0 0 1 1 0 1 1 0 1 1 1 1 0 1 1 1 1 1 0 1 1 1 0 1 1 0 0 0 0 0 0 1 0 1 1 0 0 1 0 0 0 1 0 0 1 1 1 0 1 1 0 1 0 0 1 1 1 1 1 132348
0 0 0 1 1 0 0 0 1 0 0 1 1 1 1 0 0 0 1 1 1 1 1 0 0 0 0 0 0 1 1 1 1 0 1 0 0 0 1 1 1 0 0 1 0 1 1 0 1 1 0 0 0 0 0 1 0 1 1 0 0 0 0 1 1 1 1 0 0 0 0 0 0 0 1 0 0 0 1 0 0 1 1 0 0 0 0 0 1 1 0 0 1 0 0 1 1 0 1 1 1 0 1 1 1 1 0 1 1 0 0 1 1 1 1 1 0 0 0 0 1 1 1 0 0 1 1 1 1 0 1 1 1 1 0 1 0 0 1 0 0 1 0 0 1 1 0 1 1 1 1 1 0 1 1 1 1 0 1 0 0 1 1 0 1 1 1 1 1 1 1 0 0 0 0 0 0 1 1 0 1 0 0 1 1 1 1 0 0 1 1 1 1 0 0 0 0 0 0 0 132148
1 0 1 1 0 0 1 0 0 1 1 1 0 0 1 0 0 0 1 0 1 0 1 0 1 1 1 0 1 1 1 1 0 0 0 1 1 1 0 0 0 0 1 0 0 0 0 0 1 1 0 1 0 1 0 1 0 0 1 0 0 1 1 0 1 0 0 0 1 1 0 1 0 0 1 1 1 1 0 0 0 1 1 0 0 1 0 0 0 1 0 0 1 1 0 0 1 0 0 1 0 1 0 0 0 0 0 0 0 0 0 0 0 1 0 1 0 1 1 1 1 0 1 0 1 1 0 0 1 1 1 0 0 0 0 1 0 1 1 1 1 1 0 1 1 0 0 0 0 1 0 1 0 0 0 1 0 1 1 1 0 1 1 0 1 0 0 0 0 1 0 1 0 1 0 1 0 1 1 1 1 0 1 0 1 0 1 1 1 0 1 0 1 0 1 1 1 1 0 1 131348
1 1 0 1 0 1 1 1 0 0 1 0 0 0 0 0 0 1 0 0 0 0 1 1 0 0 1 1 1 1 1 1 1 1 1 1 0 1 1 1 0 1 0 1 0 0 1 1 1 0 1 1 1 1 0 1 0 1 1 1 0 1 1 1 1 1 0 0 1 1 1 0 0 0 0 0 0 1 1 1 1 1 1 1 1 0 1 0 1 0 1 1 0 0 0 0 1 1 1 0 0 0 1 0 0 1 1 1 1 0 0 0 0 0 1 0 0 1 1 0 1 1 1 0 0 0 1 1 0 0 1 0 0 0 0 0 0 0 1 0 0 0 1 1 0 1 0 0 1 0 1 0 0 1 1 1 0 1 0 1 0 0 0 0 1 1 0 1 0 1 1 0 1 1 1 1 1 1 1 1 0 1 0 1 1 0 1 1 0 1 0 0 0 0 0 0 1 1 0 1 131948
0 1 0 1 1 0 1 1 1 0 1 0 1 1 1 1 1 1 1 0 1 1 0 0 1 0 1 0 1 1 1 0 0 0 0 1 1 0 0 1 0 0 1 1 1 1 1 0 0 0 1 0 1 1 1 0 0 0 0 1 0 0 1 0 1 1 1 0 1 1 1 1 1 1 1 0 1 1 0 1 0 1 0 0 0 1 1 1 0 0 0 1 0 1 0 0 0 0 0 1 0 1 0 1 1 1 1 1 0 0 0 0 0 0 1 0 1 1 0 0 0 1 0 1 0 1 0 1 1 1 1 0 0 0 1 0 0 0 1 1 0 1 0 1 0 1 0 1 1 1 0 1 1 1 0 0 1 0 1 0 1 1 1 1 0 0 0 0 1 1 1 1 1 0 0 1 0 1 1 0 0 1 0 1 0 0 0 0 1 1 0 0 0 0 0 1 1 1 0 1 132348
1 0 1 1 1 1 0 1 1 0 1 1 1 1 1 0 1 0 0 1 1 1 0 1 1 0 1 0 1 0 0 1 0 1 0 1 1 0 1 0 0 0 0 0 0 0 1 1 1 0 0 0 0 1 1 1 1 1 1 0 1 1 0 1 1 0 1 1 1 1 1 0 0 0 0 0 1 1 1 1 1 0 1 0 1 0 0 1 1 0 1 1 0 1 1 1 0 1 1 1 1 1 0 0 0 1 1 1 1 0 0 0 1 0 1 1 1 0 1 0 1 0 1 0 0 1 0 1 0 0 0 1 0 1 0 0 1 1 0 1 0 1 0 0 1 0 0 1 1 1 1 0 0 1 0 1 0 1 0 0 0 0 0 1 1 0 1 0 0 0 0 0 0 1 1 1 0 0 0 0 0 0 0 0 0 1 1 0 1 0 0 1 0 1 0 1 0 1 1 0 131748
1 1 1 0 1 1 1 0 1 1 0 0 1 0 1 0 1 1 1 1 0 1 1 1 1 1 1 0 0 1 1 0 1 1 0 1 1 0 0 1 0 1 0 1 1 1 0 1 0 0 0 1 1 1 1 1 0 0 1 0 1 0 0 0 0 1 0 1 1 0 0 0 1 0 1 0 1 0 0 0 0 1 1 1 0 1 1 1 1 1 0 0 1 1 1 1 1 0 0 1 1 1 0 1 0 0 0 0 0 0 0 1 0 1 0 0 0 1 1 1 0 1 0 0 1 1 0 1 0 0 1 1 1 1 1 0 1 1 0 0 0 1 0 0 0 0 0 1 0 1 0 1 1 1 1 0 0 0 1 0 0 1 1 0 0 0 0 1 0 1 1 0 1 0 0 1 1 1 1 1 0 0 0 1 0 1 0 0 0 0 0 0 0 1 0 1 0 0 0 1 131548
0 1 1 1 1 0 1 1 0 0 1 1 0 1 1 1 0 0 0 0 1 1 0 1 1 0 0 0 0 0 1 0 1 0 1 0 1 1 0 1 1 1 0 1 1 0 0 0 0 0 0 1 1 0 1 0 1 1 0 0 1 1 0 0 0 1 0 0 0 0 1 1 1 0 0 0 1 0 0 1 0 0 0 0 0 0 1 0 1 1 1 0 0 1 1 1 0 1 1 0 0 0 1 0 1 0 1 0 0 0 0 0 1 1 1 1 0 0 0 0 1 0 0 0 1 1 0 0 0 0 0 0 1 1 0 1 0 0 0 0 0 0 1 1 0 0 1 0 1 1 0 1 0 1 0 1 0 0 1 1 1 0 0 0 0 0 0 1 1 0 1 1 0 1 1 1 1 1 0 1 1 0 0 0 1 1 0 0 1 0 1 1 1 1 0 1 0 0 1 1 130648
0 1 0 0 1 0 1 1 1 0 0 0 1 0 0 0 1 0 0 0 1 1 0 1 1 1 1 0 1 0 1 1 1 1 1 1 1 0 0 0 0 1 0 1 0 1 0 0 1 0 1 1 1 0 1 0 0 1 0 0 1 1 0 0 1 0 0 0 1 0 0 1 0 1 0 0 1 1 1 1 1 1 0 1 0 1 1 1 1 0 0 0 0 0 0 1 0 1 1 0 0 1 1 0 0 1 0 1 1 0 0 0 1 1 0 0 1 1 1 1 1 0 0 0 0 0 1 1 0 0 0 1 1 0 0 1 1 1 0 1 1 1 1 1 1 1 0 1 1 1 1 1 1 1 1 0 0 1 0 0 1 0 1 0 1 1 1 1 0 1 0 0 0 0 1 0 1 1 0 1 0 0 1 0 0 1 1 0 0 0 0 1 0 1 0 1 1 0 1 0 131848
0 1 0 0 1 0 1 0 0 0 1 1 0 1 1 0 0 0 1 0 0 1 1 0 0 0 1 0 0 1 0 0 1 0 0 0 1 0 1 0 1 0 0 0 1 1 0 0 0 0 0 1 1 0 1 1 0 1 1 0 0 0 0 1 1 1 1 0 0 1 0 0 1 0 0 1 0 0 1 0 1 0 0 1 0 0 1 1 1 1 0 0 1 1 0 1 1 0 0 1 1 0 1 1 1 0 0 1 0 0 0 0 1 0 1 1 1 1 0 0 0 0 1 1 0 1 1 0 0 0 1 1 1 0 0 0 0 1 0 1 0 1 1 1 0 0 1 0 0 0 0 0 1 0 1 1 0 1 1 1 1 1 0 1 0 1 1 1 1 0 1 0 0 1 1 1 0 1 1 0 0 0 1 1 0 0 0 0 1 1 1 0 1 0 1 0 0 1 1 1 130548
0 0 1 0 0 0 1 0 1 0 0 1 0 1 0 1 1 1 1 1 1 1 0 0 0 0 1 1 0 0 1 0 1 0 0 1 0 1 1 1 1 1 1 0 0 0 1 0 0 0 1 0 0 1 1 0 0 1 1 1 1 0 1 0 0 1 1 1 0 0 0 0 0 1 1 0 0 1 0 1 1 1 1 0 1 0 0 0 1 1 0 1 0 1 0 0 0 0 1 0 1 1 1 0 1 1 1 0 1 0 1 0 1 1 1 1 1 0 0 0 0 1 0 0 0 1 1 0 0 0 1 1 1 1 0 0 1 0 0 0 1 0 0 0 0 1 1 1 1 0 1 1 0 1 0 0 0 1 0 1 0 1 0 0 0 1 1 0 1 0 1 0 0 1 0 1 0 0 0 0 1 1 1 1 1 0 1 1 0 0 0 1 0 0 0 0 1 1 0 1 131848
0 0 1 0 1 0 0 1 0 0 1 1 0 0 1 1 1 0 1 1 0 0 0 0 0 0 1 1 1 0 0 0 0 0 0 0 0 1 1 0 0 1 0 1 1 1 0 0 0 0 1 1 0 1 1 0 0 0 1 0 0 1 0 0 0 0 1 1 0 0 1 0 0 1 1 1 0 0 1 0 0 0 0 0 1 0 1 1 0 0 1 0 0 1 0 0 0 0 1 0 1 0 1 1 1 1 1 1 1 0 1 1 1 0 0 0 0 0 1 1 1 1 1 1 1 1 0 1 0 0 0 0 1 1 0 0 0 0 0 0 1 1 1 1 1 0 1 1 1 1 1 1 1 1 0 0 1 1 0 1 0 0 1 0 0 1 0 1 1 1 0 1 0 1 0 1 0 1 1 1 0 1 0 1 0 1 1 0 1 0 0 0 0 1 1 0 1 1 0 1 132348
***Best solution***
1 1 0 1 0 0 1 1 1 1 1 0 1 0 0 1 0 1 0 1 1 0 1 1 0 1 0 0 1 1 1 0 1 0 0 0 1 1 1 0 1 0 0 1 0 1 1 1 1 1 0 1 0 1 1 1 1 1 0 1 0 0 1 1 0 1 1 1 1 0 1 1 1 0 1 0 0 1 0 1 1 1 1 1 0 1 0 1 0 1 1 0 1 0 1 1 0 1 0 0 0 0 1 0 1 1 0 1 0 1 0 1 0 0 1 0 0 1 1 0 0 1 1 1 1 1 1 0 1 1 1 1 0 1 1 0 1 0 0 0 0 0 0 0 0 0 0 1 1 1 0 1 1 1 1 0 1 0 0 1 0 1 0 1 1 0 0 1 1 0 0 1 1 0 1 1 1 1 0 0 1 1 0 0 1 0 0 1 0 0 1 1 0 0 1 0 0 0 0 0 132348
Total time -- 10022
